COMUNA,MATRICULA_2015_MUN,MATRICULA_2015_PS,MATRICULA_2015_PP,MATRICULA_2015_AD,MATRICULA_2016_MUN,MATRICULA_2016_PS,MATRICULA_2016_PP,MATRICULA_2016_AD,FLOW_2015_MUN_MUN,FLOW_2015_MUN_PS,FLOW_2015_MUN_PP,FLOW_2015_MUN_AD,FLOW_2015_MUN_MUN_SAME,FLOW_2015_MUN_PS_SAME,FLOW_2015_MUN_PP_SAME,FLOW_2015_MUN_AD_SAME,FLOW_2015_PS_MUN,FLOW_2015_PS_PS,FLOW_2015_PS_PP,FLOW_2015_PS_AD,FLOW_2015_PS_MUN_SAME,FLOW_2015_PS_PS_SAME,FLOW_2015_PS_PP_SAME,FLOW_2015_PS_AD_SAME,FLOW_2016_MUN_MUN,FLOW_2016_MUN_PS,FLOW_2016_MUN_PP,FLOW_2016_MUN_AD,FLOW_2016_MUN_MUN_SAME,FLOW_2016_MUN_PS_SAME,FLOW_2016_MUN_PP_SAME,FLOW_2016_MUN_AD_SAME,FLOW_2016_PS_MUN,FLOW_2016_PS_PS,FLOW_2016_PS_PP,FLOW_2016_PS_AD,FLOW_2016_PS_MUN_SAME,FLOW_2016_PS_PS_SAME,FLOW_2016_PS_PP_SAME,FLOW_2016_PS_AD_SAME,FLOW_2016_PP_MUN,FLOW_2016_PP_PS,FLOW_2016_PP_PP,FLOW_2016_PP_AD,FLOW_2016_PP_MUN_SAME,FLOW_2016_PP_PS_SAME,FLOW_2016_PP_PP_SAME,FLOW_2016_PP_AD_SAME,FLOW_2016_AD_MUN,FLOW_2016_AD_PS,FLOW_2016_AD_PP,FLOW_2016_AD_AD,FLOW_2016_AD_MUN_SAME,FLOW_2016_AD_PS_SAME,FLOW_2016_AD_PP_SAME,FLOW_2016_AD_AD_SAME
ALGARROBO,48,98,0,0,60,71,0,0,41,7,0,0,30,0,0,0,23,73,1,1,12,60,0,0,40,5,0,0,30,0,0,0,19,65,0,0,12,60,0,0,1,1,0,0,0,0,0,0,0,0,0,0,0,0,0,0
ALHUÉ,79,0,0,0,52,0,0,0,66,11,0,2,51,0,0,0,0,0,0,0,0,0,0,0,51,0,0,0,51,0,0,0,1,0,0,0,0,0,0,0,0,0,0,0,0,0,0,0,0,0,0,0,0,0,0,0
ALTO BIOBIO,56,22,0,0,37,0,0,0,44,7,0,5,33,0,0,0,17,3,0,2,1,0,0,0,36,0,0,0,33,0,0,0,1,0,0,0,1,0,0,0,0,0,0,0,0,0,0,0,0,0,0,0,0,0,0,0
ALTO DEL CARMEN,68,0,0,0,50,0,0,0,57,11,0,0,44,0,0,0,0,0,0,0,0,0,0,0,50,0,0,0,44,0,0,0,0,0,0,0,0,0,0,0,0,0,0,0,0,0,0,0,0,0,0,0,0,0,0,0
ALTO HOSPICIO,98,1517,0,0,102,1462,0,0,75,23,0,0,63,21,0,0,100,1416,0,1,31,1365,0,0,67,71,0,0,63,21,0,0,34,1391,0,0,31,1365,0,0,1,0,0,0,0,0,0,0,0,0,0,0,0,0,0,0
ANCUD,286,328,0,0,180,476,0,0,134,151,1,0,127,138,0,0,52,276,0,0,48,263,0,0,132,187,0,0,127,138,0,0,48,289,0,0,48,263,0,0,0,0,0,0,0,0,0,0,0,0,0,0,0,0,0,0
ANDACOLLO,82,57,0,0,76,45,0,0,66,16,0,0,61,9,0,0,10,47,0,0,8,34,0,0,66,10,0,0,61,9,0,0,10,35,0,0,8,34,0,0,0,0,0,0,0,0,0,0,0,0,0,0,0,0,0,0
ANGOL,437,339,21,0,580,242,19,179,328,33,1,75,322,28,0,75,104,201,1,33,102,194,0,33,418,39,0,136,322,28,0,75,162,202,0,43,102,194,0,33,0,1,19,0,0,0,19,0,0,0,0,0,0,0,0,0
ANTOFAGASTA,2371,1872,519,0,2187,2053,526,0,2025,324,22,0,1983,285,21,0,127,1723,22,0,113,1688,20,0,2047,320,25,0,1983,285,21,0,133,1712,26,0,113,1688,20,0,7,21,475,0,7,21,469,0,0,0,0,0,0,0,0,0
ANTUCO,45,0,0,0,45,0,0,0,41,4,0,0,40,0,0,0,0,0,0,0,0,0,0,0,45,0,0,0,40,0,0,0,0,0,0,0,0,0,0,0,0,0,0,0,0,0,0,0,0,0,0,0,0,0,0,0
ARAUCO,366,174,24,0,319,207,22,0,323,43,0,0,308,37,0,0,2,171,0,1,1,168,0,0,313,37,0,0,308,37,0,0,6,169,0,0,1,168,0,0,0,1,22,0,0,1,22,0,0,0,0,0,0,0,0,0
ARICA,1072,1883,116,0,1193,1772,123,0,864,204,4,0,848,188,4,0,320,1548,14,1,308,1517,13,0,878,220,4,0,848,188,4,0,313,1549,13,0,308,1517,13,0,2,3,106,0,2,3,106,0,0,0,0,0,0,0,0,0
AYSEN,123,173,0,0,108,183,0,0,99,23,0,1,95,14,0,0,8,163,1,1,6,158,0,0,100,19,0,0,95,14,0,0,8,164,0,0,6,158,0,0,0,0,0,0,0,0,0,0,0,0,0,0,0,0,0,0
BUIN,591,474,154,0,588,565,180,0,502,88,0,1,477,70,0,0,7,448,19,0,7,427,19,0,546,106,1,0,477,70,0,0,41,458,27,0,7,427,19,0,1,1,152,0,0,1,150,0,0,0,0,0,0,0,0,0
BULNES,206,86,0,0,181,154,0,0,160,33,0,13,157,28,0,0,1,85,0,0,0,85,0,0,173,68,0,0,157,28,0,0,8,86,0,0,0,85,0,0,0,0,0,0,0,0,0,0,0,0,0,0,0,0,0,0
CABILDO,225,68,0,0,266,99,0,0,183,39,0,3,181,30,0,0,9,59,0,0,9,55,0,0,244,38,0,0,181,30,0,0,22,61,0,0,9,55,0,0,0,0,0,0,0,0,0,0,0,0,0,0,0,0,0,0
CABO DE HORNOS,27,0,0,0,22,0,0,0,18,6,3,0,17,0,0,0,0,0,0,0,0,0,0,0,18,0,0,0,17,0,0,0,4,0,0,0,0,0,0,0,0,0,0,0,0,0,0,0,0,0,0,0,0,0,0,0
CABRERO,294,97,0,0,308,49,0,0,263,27,0,4,248,4,0,0,36,61,0,0,34,45,0,0,266,4,0,0,248,4,0,0,42,45,0,0,34,45,0,0,0,0,0,0,0,0,0,0,0,0,0,0,0,0,0,0
CALAMA,1358,763,172,0,1297,807,179,0,1168,180,7,3,1135,162,7,0,115,638,9,1,106,620,9,0,1171,171,9,0,1135,162,7,0,122,634,9,0,106,620,9,0,3,2,161,0,3,2,160,0,1,0,0,0,0,0,0,0
CALBUCO,294,191,0,0,287,109,0,0,240,54,0,0,201,20,0,0,85,106,0,0,73,84,0,0,206,24,0,0,201,20,0,0,81,85,0,0,73,84,0,0,0,0,0,0,0,0,0,0,0,0,0,0,0,0,0,0
CALDERA,143,114,0,0,84,147,0,0,85,58,0,0,70,47,0,0,5,108,1,0,3,94,0,0,77,53,0,0,70,47,0,0,7,94,0,0,3,94,0,0,0,0,0,0,0,0,0,0,0,0,0,0,0,0,0,0
CALERA DE TANGO,132,76,141,0,43,94,142,0,44,77,1,10,29,35,0,0,6,67,2,1,3,40,2,0,37,41,0,0,29,35,0,0,6,53,4,0,3,40,2,0,0,0,138,0,0,0,133,0,0,0,0,0,0,0,0,0
CALLE LARGA,92,75,20,0,42,87,21,0,44,34,0,14,21,4,0,0,15,37,1,22,7,19,1,0,32,38,0,0,21,4,0,0,10,48,2,0,7,19,1,0,0,1,19,0,0,0,19,0,0,0,0,0,0,0,0,0
CAMARONES,5,0,0,0,2,0,0,0,2,3,0,0,2,0,0,0,0,0,0,0,0,0,0,0,2,0,0,0,2,0,0,0,0,0,0,0,0,0,0,0,0,0,0,0,0,0,0,0,0,0,0,0,0,0,0,0
CAMIÑA,12,0,0,0,10,0,0,0,10,2,0,0,10,0,0,0,0,0,0,0,0,0,0,0,10,0,0,0,10,0,0,0,0,0,0,0,0,0,0,0,0,0,0,0,0,0,0,0,0,0,0,0,0,0,0,0
CANELA,133,0,0,0,98,0,0,0,116,17,0,0,97,0,0,0,0,0,0,0,0,0,0,0,98,0,0,0,97,0,0,0,0,0,0,0,0,0,0,0,0,0,0,0,0,0,0,0,0,0,0,0,0,0,0,0
CARAHUE,233,172,0,0,249,109,0,0,182,47,0,4,173,22,0,0,71,85,0,16,47,56,0,0,182,40,0,0,173,22,0,0,67,69,0,0,47,56,0,0,0,0,0,0,0,0,0,0,0,0,0,0,0,0,0,0
CARTAGENA,126,118,0,0,112,108,0,0,69,56,0,1,63,9,0,0,20,97,0,1,10,76,0,0,88,19,0,0,63,9,0,0,24,89,0,0,10,76,0,0,0,0,0,0,0,0,0,0,0,0,0,0,0,0,0,0
CASABLANCA,155,195,6,0,153,183,6,0,118,35,0,2,99,21,0,0,22,167,3,3,20,157,0,0,121,23,0,0,99,21,0,0,30,160,0,0,20,157,0,0,2,0,6,0,0,0,6,0,0,0,0,0,0,0,0,0
CASTRO,543,216,0,0,628,281,0,0,438,105,0,0,425,73,0,0,34,182,0,0,29,172,0,0,537,96,0,0,425,73,0,0,91,185,0,0,29,172,0,0,0,0,0,0,0,0,0,0,0,0,0,0,0,0,0,0
CATEMU,73,58,0,0,123,102,0,0,48,20,0,5,44,9,0,0,13,42,0,3,10,38,0,0,78,39,0,0,44,9,0,0,45,63,0,0,10,38,0,0,0,0,0,0,0,0,0,0,0,0,0,0,0,0,0,0
CAUQUENES,414,151,0,0,461,138,0,0,380,32,0,2,372,30,0,0,52,99,0,0,49,95,0,0,408,39,0,0,372,30,0,0,52,99,0,0,49,95,0,0,1,0,0,0,0,0,0,0,0,0,0,0,0,0,0,0
CAÑETE,327,231,0,0,376,323,0,0,246,78,0,3,226,68,0,0,51,179,1,0,45,168,0,0,306,132,0,0,226,68,0,0,70,191,0,0,45,168,0,0,0,0,0,0,0,0,0,0,0,0,0,0,0,0,0,0
CERRILLOS,329,576,0,0,52,729,0,0,111,194,0,24,44,94,0,0,22,524,1,29,3,420,0,0,48,193,0,0,44,94,0,0,4,536,0,0,3,420,0,0,0,0,0,0,0,0,0,0,0,0,0,0,0,0,0,0
CERRO NAVIA,604,725,0,0,150,299,0,0,269,213,0,122,106,63,0,0,159,431,0,135,26,159,0,0,117,107,0,0,106,63,0,0,32,192,0,0,26,159,0,0,0,0,0,0,0,0,0,0,1,0,0,0,0,0,0,0
CHAITÉN,43,0,0,0,36,0,0,0,38,5,0,0,32,0,0,0,0,0,0,0,0,0,0,0,36,0,0,0,32,0,0,0,0,0,0,0,0,0,0,0,0,0,0,0,0,0,0,0,0,0,0,0,0,0,0,0
CHANCO,99,0,0,0,67,0,0,0,90,5,0,4,65,0,0,0,0,0,0,0,0,0,0,0,65,0,0,0,65,0,0,0,2,0,0,0,0,0,0,0,0,0,0,0,0,0,0,0,0,0,0,0,0,0,0,0
CHAÑARAL,163,27,0,0,158,27,0,0,150,12,1,0,140,8,0,0,7,20,0,0,7,18,0,0,147,8,0,0,140,8,0,0,11,19,0,0,7,18,0,0,0,0,0,0,0,0,0,0,0,0,0,0,0,0,0,0
CHEPICA,145,0,0,0,81,0,0,0,105,34,0,6,73,0,0,0,0,0,0,0,0,0,0,0,79,0,0,0,73,0,0,0,2,0,0,0,0,0,0,0,0,0,0,0,0,0,0,0,0,0,0,0,0,0,0,0
CHIGUAYANTE,254,795,115,0,139,879,128,0,125,50,2,77,111,45,0,0,34,720,4,37,18,695,1,0,120,92,1,0,111,45,0,0,19,784,6,0,18,695,1,0,0,3,121,0,0,0,112,0,0,0,0,0,0,0,0,0
CHILE CHICO,62,0,0,0,53,0,0,0,59,3,0,0,53,0,0,0,0,0,0,0,0,0,0,0,53,0,0,0,53,0,0,0,0,0,0,0,0,0,0,0,0,0,0,0,0,0,0,0,0,0,0,0,0,0,0,0
CHILLAN VIEJO,65,263,0,0,21,162,0,0,23,8,0,34,17,3,0,0,22,138,0,103,2,101,0,0,18,45,0,0,17,3,0,0,3,117,0,0,2,101,0,0,0,0,0,0,0,0,0,0,0,0,0,0,0,0,0,0
CHILLÁN,863,1929,39,0,345,2076,42,759,301,248,0,314,265,223,0,312,58,1691,7,173,27,1665,4,172,304,339,0,471,265,223,0,312,41,1732,4,288,27,1665,4,172,0,4,38,0,0,1,38,0,0,1,0,0,0,0,0,0
CHIMBARONGO,261,265,0,0,198,234,0,0,165,45,1,50,142,27,0,0,60,180,0,25,49,170,0,0,147,52,0,0,142,27,0,0,51,182,0,0,49,170,0,0,0,0,0,0,0,0,0,0,0,0,0,0,0,0,0,0
CHOLCHOL,17,156,0,0,37,173,0,0,15,2,0,0,15,2,0,0,27,126,0,3,13,111,0,0,17,25,0,0,15,2,0,0,20,148,0,0,13,111,0,0,0,0,0,0,0,0,0,0,0,0,0,0,0,0,0,0
CHONCHI,165,43,0,0,71,256,0,0,117,47,0,1,62,34,0,0,7,36,0,0,3,36,0,0,67,159,0,0,62,34,0,0,4,97,0,0,3,36,0,0,0,0,0,0,0,0,0,0,0,0,0,0,0,0,0,0
CISNES,78,1,0,0,54,0,0,0,64,7,0,7,51,0,0,0,0,1,0,0,0,0,0,0,52,0,0,0,51,0,0,0,2,0,0,0,0,0,0,0,0,0,0,0,0,0,0,0,0,0,0,0,0,0,0,0
COBQUECURA,53,0,0,0,40,0,0,0,52,1,0,0,38,0,0,0,0,0,0,0,0,0,0,0,39,0,0,0,38,0,0,0,1,0,0,0,0,0,0,0,0,0,0,0,0,0,0,0,0,0,0,0,0,0,0,0
COCHAMÓ,43,0,0,0,33,0,0,0,35,7,0,1,28,0,0,0,0,0,0,0,0,0,0,0,33,0,0,0,28,0,0,0,0,0,0,0,0,0,0,0,0,0,0,0,0,0,0,0,0,0,0,0,0,0,0,0
COCHRANE,54,0,0,0,65,0,0,0,53,1,0,0,53,0,0,0,0,0,0,0,0,0,0,0,64,0,0,0,53,0,0,0,1,0,0,0,0,0,0,0,0,0,0,0,0,0,0,0,0,0,0,0,0,0,0,0
CODEGUA,92,16,0,0,54,14,0,0,61,19,0,12,50,0,0,0,2,13,0,1,0,11,0,0,53,2,0,0,50,0,0,0,1,12,0,0,0,11,0,0,0,0,0,0,0,0,0,0,0,0,0,0,0,0,0,0
COELEMU,182,31,0,0,152,36,0,0,169,10,0,3,131,5,0,0,1,30,0,0,0,29,0,0,148,6,0,0,131,5,0,0,4,30,0,0,0,29,0,0,0,0,0,0,0,0,0,0,0,0,0,0,0,0,0,0
COIHUECO,289,57,0,0,165,65,0,0,154,92,0,43,147,29,0,0,15,41,0,1,12,35,0,0,152,29,0,0,147,29,0,0,13,36,0,0,12,35,0,0,0,0,0,0,0,0,0,0,0,0,0,0,0,0,0,0
COINCO,89,0,0,0,41,0,0,0,59,17,0,13,33,0,0,0,0,0,0,0,0,0,0,0,40,0,0,0,33,0,0,0,1,0,0,0,0,0,0,0,0,0,0,0,0,0,0,0,0,0,0,0,0,0,0,0
COLBÚN,241,35,0,0,159,2,0,0,206,27,0,8,128,2,0,0,28,6,0,1,18,0,0,0,134,2,0,0,128,2,0,0,25,0,0,0,18,0,0,0,0,0,0,0,0,0,0,0,0,0,0,0,0,0,0,0
COLCHANE,9,0,0,0,9,0,0,0,9,0,0,0,8,0,0,0,0,0,0,0,0,0,0,0,8,0,0,0,8,0,0,0,1,0,0,0,0,0,0,0,0,0,0,0,0,0,0,0,0,0,0,0,0,0,0,0
COLINA,742,722,673,0,748,698,704,0,580,149,5,8,554,109,3,0,157,552,8,5,144,527,6,0,578,124,6,0,554,109,3,0,168,572,9,0,144,527,6,0,2,2,689,0,2,2,657,0,0,0,0,0,0,0,0,0
COLLIPULLI,276,127,0,0,226,100,0,0,220,28,0,28,182,19,0,0,32,91,0,4,16,80,0,0,194,19,0,0,182,19,0,0,32,81,0,0,16,80,0,0,0,0,0,0,0,0,0,0,0,0,0,0,0,0,0,0
COLTAUCO,168,72,0,0,80,110,0,0,93,60,0,15,56,28,0,0,5,61,0,6,3,47,0,0,75,52,0,0,56,28,0,0,5,58,0,0,3,47,0,0,0,0,0,0,0,0,0,0,0,0,0,0,0,0,0,0
COMBARBALÁ,136,27,0,0,119,23,0,0,126,10,0,0,109,4,0,0,8,19,0,0,6,19,0,0,109,4,0,0,109,4,0,0,10,19,0,0,6,19,0,0,0,0,0,0,0,0,0,0,0,0,0,0,0,0,0,0
CONCEPCIÓN,864,1813,242,0,1001,1910,319,998,609,82,8,165,585,55,8,164,101,1583,31,98,86,1509,29,97,783,191,22,660,585,55,8,164,217,1718,65,337,86,1509,29,97,1,1,232,1,1,0,229,1,0,0,0,0,0,0,0,0
CONCHALÍ,699,692,0,0,239,438,0,0,334,240,4,121,185,94,0,0,147,504,7,34,23,269,0,0,202,134,0,0,185,94,0,0,37,303,0,0,23,269,0,0,0,0,0,0,0,0,0,0,0,1,0,0,0,0,0,0
CONCON,122,265,135,0,51,272,133,0,60,42,1,19,43,19,0,0,9,249,1,6,4,239,0,0,44,20,0,0,43,19,0,0,7,246,0,0,4,239,0,0,0,6,133,0,0,2,123,0,0,0,0,0,0,0,0,0
CONSTITUCIÓN,334,344,20,0,152,317,24,197,128,85,0,121,117,77,0,116,34,232,2,76,26,230,2,74,123,82,0,122,117,77,0,116,29,235,3,75,26,230,2,74,0,0,21,0,0,0,20,0,0,0,0,0,0,0,0,0
CONTULMO,88,19,0,0,78,0,0,0,72,14,0,2,69,0,0,0,19,0,0,0,8,0,0,0,70,0,0,0,69,0,0,0,8,0,0,0,8,0,0,0,0,0,0,0,0,0,0,0,0,0,0,0,0,0,0,0
COPIAPÓ,1320,803,106,0,985,1180,99,0,918,400,1,1,847,388,1,0,79,712,11,1,71,696,6,0,898,437,1,0,847,388,1,0,87,729,7,0,71,696,6,0,0,14,91,0,0,11,89,0,0,0,0,0,0,0,0,0
COQUIMBO,884,1783,0,0,949,1572,0,0,676,208,0,0,619,145,0,0,326,1454,2,1,261,1325,0,0,669,185,0,0,619,145,0,0,280,1384,0,0,261,1325,0,0,0,3,0,0,0,0,0,0,0,0,0,0,0,0,0,0
CORONEL,681,719,0,0,666,863,0,35,468,190,0,23,460,176,0,21,162,546,0,11,155,504,0,8,493,265,0,26,460,176,0,21,173,598,0,9,155,504,0,8,0,0,0,0,0,0,0,0,0,0,0,0,0,0,0,0
CORRAL,57,0,0,0,48,0,0,0,51,6,0,0,46,0,0,0,0,0,0,0,0,0,0,0,46,0,0,0,46,0,0,0,2,0,0,0,0,0,0,0,0,0,0,0,0,0,0,0,0,0,0,0,0,0,0,0
COYHAIQUE,222,641,0,0,211,687,0,30,152,63,0,7,147,63,0,7,35,592,5,9,31,582,0,9,179,93,0,20,147,63,0,7,32,590,0,10,31,582,0,9,0,4,0,0,0,0,0,0,0,0,0,0,0,0,0,0
CUNCO,106,123,0,0,102,127,0,0,72,34,0,0,65,27,0,0,37,85,0,1,34,73,0,0,66,38,0,0,65,27,0,0,36,89,0,0,34,73,0,0,0,0,0,0,0,0,0,0,0,0,0,0,0,0,0,0
CURACAUTÍN,155,64,0,0,126,0,0,122,99,5,0,51,90,0,0,51,28,8,0,28,24,0,0,27,96,0,0,78,90,0,0,51,30,0,0,44,24,0,0,27,0,0,0,0,0,0,0,0,0,0,0,0,0,0,0,0
CURACAVÍ,192,185,12,0,167,183,13,0,147,44,0,1,127,38,0,0,36,146,2,1,23,130,0,0,139,45,0,0,127,38,0,0,28,136,1,0,23,130,0,0,0,2,12,0,0,1,10,0,0,0,0,0,0,0,0,0
CURACO DE VÉLEZ,34,0,0,0,45,0,0,0,32,2,0,0,20,0,0,0,0,0,0,0,0,0,0,0,39,0,0,0,20,0,0,0,6,0,0,0,0,0,0,0,0,0,0,0,0,0,0,0,0,0,0,0,0,0,0,0
CURANILAHUE,368,133,0,0,285,218,0,0,252,116,0,0,244,107,0,0,33,98,1,1,33,95,0,0,250,118,0,0,244,107,0,0,35,99,0,0,33,95,0,0,0,1,0,0,0,0,0,0,0,0,0,0,0,0,0,0
CURARREHUE,49,46,0,0,43,0,0,0,28,21,0,0,25,0,0,0,22,24,0,0,10,0,0,0,27,0,0,0,25,0,0,0,16,0,0,0,10,0,0,0,0,0,0,0,0,0,0,0,0,0,0,0,0,0,0,0
CUREPTO,125,0,0,0,81,0,0,0,110,12,1,2,81,0,0,0,0,0,0,0,0,0,0,0,81,0,0,0,81,0,0,0,0,0,0,0,0,0,0,0,0,0,0,0,0,0,0,0,0,0,0,0,0,0,0,0
CURICÓ,972,1030,153,0,505,1717,165,290,382,426,1,163,364,391,0,137,61,912,12,45,50,889,11,42,441,755,1,240,364,391,0,137,64,962,12,50,50,889,11,42,0,0,152,0,0,0,151,0,0,0,0,0,0,0,0,0
DALCAHUE,122,91,0,0,68,0,0,0,92,30,0,0,43,0,0,0,69,22,0,0,16,0,0,0,50,0,0,0,43,0,0,0,18,0,0,0,16,0,0,0,0,0,0,0,0,0,0,0,0,0,0,0,0,0,0,0
DIEGO DE ALMAGRO,92,104,0,0,121,97,0,0,88,4,0,0,84,0,0,0,3,101,0,0,2,93,0,0,107,3,0,0,84,0,0,0,14,93,0,0,2,93,0,0,0,1,0,0,0,0,0,0,0,0,0,0,0,0,0,0
DOÑIHUE,155,83,0,0,65,100,0,0,89,48,0,18,49,8,0,0,7,75,0,1,3,71,0,0,58,17,0,0,49,8,0,0,7,82,0,0,3,71,0,0,0,1,0,0,0,0,0,0,0,0,0,0,0,0,0,0
EL BOSQUE,654,1847,0,0,177,1773,0,0,203,417,0,34,96,165,0,0,152,1582,9,104,20,1116,0,0,124,364,0,0,96,165,0,0,53,1408,0,0,20,1116,0,0,0,0,0,0,0,0,0,0,0,1,0,0,0,0,0,0
EL CARMEN,201,0,0,0,193,0,0,0,188,7,0,6,182,0,0,0,0,0,0,0,0,0,0,0,192,0,0,0,182,0,0,0,1,0,0,0,0,0,0,0,0,0,0,0,0,0,0,0,0,0,0,0,0,0,0,0
EL MONTE,175,245,0,0,37,105,0,0,57,118,0,0,21,15,0,0,42,201,1,1,11,85,0,0,24,16,0,0,21,15,0,0,13,89,0,0,11,85,0,0,0,0,0,0,0,0,0,0,0,0,0,0,0,0,0,0
EL QUISCO,98,58,0,0,44,22,0,0,66,29,0,3,31,0,0,0,23,35,0,0,4,21,0,0,34,0,0,0,31,0,0,0,10,22,0,0,4,21,0,0,0,0,0,0,0,0,0,0,0,0,0,0,0,0,0,0
EL TABO,58,0,0,0,48,7,0,0,42,16,0,0,35,3,0,0,0,0,0,0,0,0,0,0,38,7,0,0,35,3,0,0,10,0,0,0,0,0,0,0,0,0,0,0,0,0,0,0,0,0,0,0,0,0,0,0
EMPEDRADO,50,0,0,0,48,0,0,0,46,4,0,0,43,0,0,0,0,0,0,0,0,0,0,0,47,0,0,0,43,0,0,0,1,0,0,0,0,0,0,0,0,0,0,0,0,0,0,0,0,0,0,0,0,0,0,0
ERCILLA,64,65,0,0,18,2,0,0,57,6,0,1,14,0,0,0,56,9,0,0,3,1,0,0,15,1,0,0,14,0,0,0,3,1,0,0,3,1,0,0,0,0,0,0,0,0,0,0,0,0,0,0,0,0,0,0
ESTACIÓN CENTRAL,557,916,67,0,223,812,65,104,211,216,3,127,116,50,0,55,63,807,3,43,12,643,0,13,181,104,0,75,116,50,0,55,42,707,0,29,12,643,0,13,0,1,65,0,0,0,65,0,0,0,0,0,0,0,0,0
FLORIDA,132,0,0,0,93,0,0,0,101,11,0,20,90,0,0,0,0,0,0,0,0,0,0,0,93,0,0,0,90,0,0,0,0,0,0,0,0,0,0,0,0,0,0,0,0,0,0,0,0,0,0,0,0,0,0,0
FREIRE,118,185,0,0,106,90,0,0,59,54,0,5,44,2,0,0,46,134,1,4,33,46,0,0,61,24,0,0,44,2,0,0,45,66,0,0,33,46,0,0,0,0,0,0,0,0,0,0,0,0,0,0,0,0,0,0
FREIRINA,80,0,0,0,46,0,0,0,75,4,0,1,40,0,0,0,0,0,0,0,0,0,0,0,46,0,0,0,40,0,0,0,0,0,0,0,0,0,0,0,0,0,0,0,0,0,0,0,0,0,0,0,0,0,0,0
FRESIA,107,56,0,0,77,59,0,0,85,12,0,10,64,6,0,0,6,46,0,4,5,44,0,0,69,13,0,0,64,6,0,0,8,46,0,0,5,44,0,0,0,0,0,0,0,0,0,0,0,0,0,0,0,0,0,0
FRUTILLAR,150,77,12,0,240,40,12,0,127,17,0,6,109,2,0,0,35,41,0,1,30,36,0,0,191,4,0,0,109,2,0,0,49,36,0,0,30,36,0,0,0,0,12,0,0,0,11,0,0,0,0,0,0,0,0,0
FUTALEUFÚ,32,0,0,0,32,0,0,0,32,0,0,0,31,0,0,0,0,0,0,0,0,0,0,0,32,0,0,0,31,0,0,0,0,0,0,0,0,0,0,0,0,0,0,0,0,0,0,0,0,0,0,0,0,0,0,0
FUTRONO,174,105,0,0,103,146,0,0,107,67,0,0,88,48,0,0,19,86,0,0,10,77,0,0,91,61,0,0,88,48,0,0,12,85,0,0,10,77,0,0,0,0,0,0,0,0,0,0,0,0,0,0,0,0,0,0
GALVARINO,138,63,0,0,94,30,0,0,100,37,0,1,84,10,0,0,17,43,0,3,5,15,0,0,85,11,0,0,84,10,0,0,9,19,0,0,5,15,0,0,0,0,0,0,0,0,0,0,0,0,0,0,0,0,0,0
GENERAL LAGOS,7,0,0,0,0,0,0,0,5,2,0,0,0,0,0,0,0,0,0,0,0,0,0,0,0,0,0,0,0,0,0,0,0,0,0,0,0,0,0,0,0,0,0,0,0,0,0,0,0,0,0,0,0,0,0,0
GORBEA,110,38,0,0,61,0,0,0,61,48,0,1,57,0,0,0,4,34,0,0,1,0,0,0,60,0,0,0,57,0,0,0,1,0,0,0,1,0,0,0,0,0,0,0,0,0,0,0,0,0,0,0,0,0,0,0
GRANEROS,261,292,0,0,81,524,0,0,106,128,0,27,63,119,0,0,35,242,3,12,9,213,0,0,70,271,0,0,63,119,0,0,11,253,0,0,9,213,0,0,0,0,0,0,0,0,0,0,0,0,0,0,0,0,0,0
GUAITECAS,24,0,0,0,25,0,0,0,22,2,0,0,21,0,0,0,0,0,0,0,0,0,0,0,24,0,0,0,21,0,0,0,1,0,0,0,0,0,0,0,0,0,0,0,0,0,0,0,0,0,0,0,0,0,0,0
HIJUELAS,137,74,0,0,93,62,0,0,86,21,0,30,76,2,0,0,7,57,0,10,1,55,0,0,81,2,0,0,76,2,0,0,12,60,0,0,1,55,0,0,0,0,0,0,0,0,0,0,0,0,0,0,0,0,0,0
HUALAIHUÉ,136,25,0,0,116,25,0,0,121,15,0,0,111,6,0,0,3,22,0,0,2,19,0,0,113,6,0,0,111,6,0,0,3,19,0,0,2,19,0,0,0,0,0,0,0,0,0,0,0,0,0,0,0,0,0,0
HUALAÑE,134,0,0,0,133,0,0,0,122,9,0,3,118,0,0,0,0,0,0,0,0,0,0,0,128,0,0,0,118,0,0,0,5,0,0,0,0,0,0,0,0,0,0,0,0,0,0,0,0,0,0,0,0,0,0,0
HUALPÉN,494,501,100,0,118,255,103,217,180,99,4,211,91,43,0,118,63,352,11,75,16,193,2,48,99,58,0,152,91,43,0,118,19,197,3,64,16,193,2,48,0,0,100,1,0,0,97,0,0,0,0,0,0,0,0,0
HUALQUI,188,97,0,0,133,26,0,0,135,35,0,18,114,2,0,0,13,77,0,7,12,21,0,0,119,4,0,0,114,2,0,0,14,22,0,0,12,21,0,0,0,0,0,0,0,0,0,0,0,0,0,0,0,0,0,0
HUARA,20,0,0,0,17,0,0,0,18,2,0,0,17,0,0,0,0,0,0,0,0,0,0,0,17,0,0,0,17,0,0,0,0,0,0,0,0,0,0,0,0,0,0,0,0,0,0,0,0,0,0,0,0,0,0,0
HUASCO,97,32,0,0,124,0,0,0,91,6,0,0,85,0,0,0,22,10,0,0,18,0,0,0,104,0,0,0,85,0,0,0,20,0,0,0,18,0,0,0,0,0,0,0,0,0,0,0,0,0,0,0,0,0,0,0
HUECHURABA,226,326,408,0,40,190,419,0,79,75,0,72,35,20,0,0,51,215,3,57,1,156,3,0,36,22,6,0,35,20,0,0,4,168,21,0,1,156,3,0,0,0,392,0,0,0,386,0,0,0,0,0,0,0,0,0
ILLAPEL,312,151,0,0,339,174,0,0,253,59,0,0,246,53,0,0,35,116,0,0,33,110,0,0,296,62,0,0,246,53,0,0,43,112,0,0,33,110,0,0,0,0,0,0,0,0,0,0,0,0,0,0,0,0,0,0
INDEPENDENCIA,287,738,51,0,253,940,53,0,200,73,2,12,159,42,0,0,94,583,7,54,15,436,0,0,199,299,0,0,159,42,0,0,54,640,5,0,15,436,0,0,0,1,48,0,0,0,47,0,0,0,0,0,0,0,0,0
IQUIQUE,709,1740,90,28,730,1716,78,68,583,85,0,41,566,55,0,41,93,1625,15,7,76,1559,4,6,596,81,0,41,566,55,0,41,129,1621,4,6,76,1559,4,6,1,13,74,0,0,9,70,0,4,1,0,21,4,1,0,21
ISLA DE MAIPO,224,198,0,0,180,172,0,0,159,65,0,0,134,22,0,0,16,180,1,1,12,134,0,0,160,32,0,0,134,22,0,0,20,140,0,0,12,134,0,0,0,0,0,0,0,0,0,0,0,0,0,0,0,0,0,0
ISLA DE PASCUA,40,50,0,0,49,42,0,0,40,0,0,0,40,0,0,0,7,42,1,0,5,40,0,0,40,1,0,0,40,0,0,0,6,41,0,0,5,40,0,0,3,0,0,0,0,0,0,0,0,0,0,0,0,0,0,0
JUAN FERNÁNDEZ,14,0,0,0,14,0,0,0,14,0,0,0,14,0,0,0,0,0,0,0,0,0,0,0,14,0,0,0,14,0,0,0,0,0,0,0,0,0,0,0,0,0,0,0,0,0,0,0,0,0,0,0,0,0,0,0
LA CALERA,167,608,0,0,50,457,43,230,49,58,0,60,35,23,0,60,30,482,36,60,2,390,33,57,46,49,1,141,35,23,0,60,4,408,42,89,2,390,33,57,0,0,0,0,0,0,0,0,0,0,0,0,0,0,0,0
LA CISTERNA,192,1301,43,0,315,2118,45,201,71,101,0,20,48,61,0,8,118,1104,5,74,30,882,0,29,161,591,1,56,48,61,0,8,153,1525,5,145,30,882,0,29,1,2,39,0,0,0,39,0,0,0,0,0,0,0,0,0
LA CRUZ,67,55,0,0,10,65,0,0,28,23,1,15,8,5,0,0,2,45,3,5,0,24,0,0,8,27,0,0,8,5,0,0,2,38,0,0,0,24,0,0,0,0,0,0,0,0,0,0,0,0,0,0,0,0,0,0
LA ESTRELLA,18,0,0,0,0,0,0,0,10,6,0,2,0,0,0,0,0,0,0,0,0,0,0,0,0,0,0,0,0,0,0,0,0,0,0,0,0,0,0,0,0,0,0,0,0,0,0,0,0,0,0,0,0,0,0,0
LA FLORIDA,1036,3839,369,0,628,3775,459,0,527,465,3,41,429,252,0,0,242,3442,101,54,83,2964,72,0,481,401,1,0,429,252,0,0,147,3365,104,0,83,2964,72,0,0,9,354,0,0,2,343,0,0,0,0,0,0,0,0,0
LA GRANJA,512,927,0,0,178,660,0,0,185,267,0,60,122,69,0,0,95,752,0,80,19,458,0,0,136,129,0,0,122,69,0,0,42,531,0,0,19,458,0,0,0,0,0,0,0,0,0,0,0,0,0,0,0,0,0,0
LA HIGUERA,45,0,0,0,0,0,0,0,30,15,0,0,0,0,0,0,0,0,0,0,0,0,0,0,0,0,0,0,0,0,0,0,0,0,0,0,0,0,0,0,0,0,0,0,0,0,0,0,0,0,0,0,0,0,0,0
LA LIGUA,286,241,0,0,204,258,0,0,225,56,1,4,162,38,0,0,31,207,2,1,16,196,0,0,182,61,0,0,162,38,0,0,22,197,0,0,16,196,0,0,0,0,0,0,0,0,0,0,0,0,0,0,0,0,0,0
LA PINTANA,500,1873,0,0,146,1619,0,0,133,340,0,27,90,125,0,0,178,1652,0,43,31,1218,0,0,104,233,0,0,90,125,0,0,42,1386,0,0,31,1218,0,0,0,0,0,0,0,0,0,0,0,0,0,0,0,0,0,0
LA REINA,296,442,843,0,195,336,806,0,143,94,6,53,108,10,2,0,50,343,14,35,12,295,4,0,152,16,5,0,108,10,2,0,40,318,16,0,12,295,4,0,2,2,785,0,1,1,769,0,1,0,0,0,0,0,0,0
LA SERENA,872,2130,285,0,852,2533,314,0,592,277,2,1,553,260,2,0,131,1952,47,0,111,1904,43,0,687,425,3,0,553,260,2,0,163,2092,48,0,111,1904,43,0,2,16,263,0,2,12,260,0,0,0,0,0,0,0,0,0
LA UNIÓN,353,197,22,0,269,442,24,0,235,117,0,1,212,110,0,0,53,142,2,0,37,136,2,0,222,218,0,0,212,110,0,0,47,223,3,0,37,136,2,0,0,1,21,0,0,1,21,0,0,0,0,0,0,0,0,0
LAGO RANCO,108,15,0,0,100,0,0,0,95,13,0,0,86,0,0,0,9,6,0,0,3,0,0,0,94,0,0,0,86,0,0,0,6,0,0,0,3,0,0,0,0,0,0,0,0,0,0,0,0,0,0,0,0,0,0,0
LAGO VERDE,7,0,0,0,0,0,0,0,3,2,0,2,0,0,0,0,0,0,0,0,0,0,0,0,0,0,0,0,0,0,0,0,0,0,0,0,0,0,0,0,0,0,0,0,0,0,0,0,0,0,0,0,0,0,0,0
LAGUNA BLANCA,3,0,0,0,0,0,0,0,2,1,0,0,0,0,0,0,0,0,0,0,0,0,0,0,0,0,0,0,0,0,0,0,0,0,0,0,0,0,0,0,0,0,0,0,0,0,0,0,0,0,0,0,0,0,0,0
LAJA,300,62,10,0,317,50,0,0,275,25,0,0,261,20,0,0,31,31,0,0,28,29,0,0,278,20,0,0,261,20,0,0,30,30,0,0,28,29,0,0,9,0,0,0,9,0,0,0,0,0,0,0,0,0,0,0
LAMPA,331,681,0,0,229,605,0,0,159,154,1,17,146,97,0,0,104,550,2,25,60,464,0,0,163,116,0,0,146,97,0,0,66,489,0,0,60,464,0,0,0,0,0,0,0,0,0,0,0,0,0,0,0,0,0,0
LANCO,81,156,0,0,126,110,0,0,55,26,0,0,50,9,0,0,53,103,0,0,40,62,0,0,71,37,0,0,50,9,0,0,55,73,0,0,40,62,0,0,0,0,0,0,0,0,0,0,0,0,0,0,0,0,0,0
LAS CABRAS,224,146,0,0,196,152,0,0,181,42,0,1,160,17,0,0,3,138,2,3,2,128,0,0,189,20,0,0,160,17,0,0,7,131,0,0,2,128,0,0,0,1,0,0,0,0,0,0,0,0,0,0,0,0,0,0
LAS CONDES,322,368,2192,0,364,389,2261,0,306,12,1,3,298,2,1,0,12,345,10,1,8,327,2,0,315,14,10,0,298,2,1,0,39,362,30,0,8,327,2,0,10,13,2221,0,5,4,2121,0,0,0,0,0,0,0,0,0
LAUTARO,307,226,0,0,414,4,0,0,254,47,0,6,243,1,0,0,146,76,1,3,137,3,0,0,267,1,0,0,243,1,0,0,147,3,0,0,137,3,0,0,0,0,0,0,0,0,0,0,0,0,0,0,0,0,0,0
LEBU,410,11,0,0,430,0,0,0,405,5,0,0,393,0,0,0,10,1,0,0,10,0,0,0,414,0,0,0,393,0,0,0,16,0,0,0,10,0,0,0,0,0,0,0,0,0,0,0,0,0,0,0,0,0,0,0
LICANTÉN,94,0,0,0,75,0,0,0,82,12,0,0,73,0,0,0,0,0,0,0,0,0,0,0,75,0,0,0,73,0,0,0,0,0,0,0,0,0,0,0,0,0,0,0,0,0,0,0,0,0,0,0,0,0,0,0
LIMACHE,183,438,0,0,173,421,0,0,117,62,1,3,99,44,0,0,59,364,14,1,41,305,0,0,123,93,0,0,99,44,0,0,50,328,0,0,41,305,0,0,0,0,0,0,0,0,0,0,0,0,0,0,0,0,0,0
LINARES,654,758,31,0,897,767,31,0,515,104,0,35,503,96,0,0,164,566,1,27,157,561,1,0,716,191,0,0,503,96,0,0,181,576,1,0,157,561,1,0,0,0,30,0,0,0,30,0,0,0,0,0,0,0,0,0
LITUECHE,83,0,0,0,56,0,0,0,63,18,1,1,49,0,0,0,0,0,0,0,0,0,0,0,53,0,0,0,49,0,0,0,3,0,0,0,0,0,0,0,0,0,0,0,0,0,0,0,0,0,0,0,0,0,0,0
LLAILLAY,146,189,0,0,122,106,0,0,108,29,0,9,80,14,0,0,57,116,3,13,22,87,0,0,98,18,0,0,80,14,0,0,24,88,0,0,22,87,0,0,0,0,0,0,0,0,0,0,0,0,0,0,0,0,0,0
LLANQUIHUE,167,54,0,0,98,32,0,0,122,38,0,7,84,10,0,0,24,29,0,1,10,21,0,0,86,10,0,0,84,10,0,0,12,22,0,0,10,21,0,0,0,0,0,0,0,0,0,0,0,0,0,0,0,0,0,0
LO BARNECHEA,124,275,1065,0,170,220,1064,0,120,3,1,0,119,0,0,0,47,227,1,0,42,216,0,0,124,3,0,0,119,0,0,0,46,217,1,0,42,216,0,0,0,0,1063,0,0,0,1049,0,0,0,0,0,0,0,0,0
LO ESPEJO,399,472,0,0,75,305,0,0,100,191,0,108,41,45,0,0,48,371,1,52,11,229,0,0,58,56,0,0,41,45,0,0,17,249,0,0,11,229,0,0,0,0,0,0,0,0,0,0,0,0,0,0,0,0,0,0
LO PRADO,406,428,0,0,219,101,0,0,199,128,0,79,116,0,0,0,91,283,3,51,18,93,0,0,169,4,0,0,116,0,0,0,50,97,0,0,18,93,0,0,0,0,0,0,0,0,0,0,0,0,0,0,0,0,0,0
LOLOL,75,0,0,0,73,0,0,0,68,4,0,3,54,0,0,0,0,0,0,0,0,0,0,0,72,0,0,0,54,0,0,0,1,0,0,0,0,0,0,0,0,0,0,0,0,0,0,0,0,0,0,0,0,0,0,0
LONCOCHE,179,130,0,0,197,85,0,0,148,31,0,0,137,7,0,0,45,85,0,0,32,63,0,0,147,12,0,0,137,7,0,0,50,73,0,0,32,63,0,0,0,0,0,0,0,0,0,0,0,0,0,0,0,0,0,0
LONGAVÍ,264,47,0,0,114,40,0,0,213,41,0,10,104,6,0,0,12,34,0,1,7,32,0,0,106,7,0,0,104,6,0,0,8,33,0,0,7,32,0,0,0,0,0,0,0,0,0,0,0,0,0,0,0,0,0,0
LONQUIMAY,111,63,0,0,98,0,0,0,70,20,0,21,66,0,0,0,37,14,0,12,30,0,0,0,68,0,0,0,66,0,0,0,30,0,0,0,30,0,0,0,0,0,0,0,0,0,0,0,0,0,0,0,0,0,0,0
LOS ALAMOS,206,103,0,0,154,101,0,0,149,57,0,0,111,29,0,0,40,62,0,1,28,56,0,0,120,39,0,0,111,29,0,0,34,62,0,0,28,56,0,0,0,0,0,0,0,0,0,0,0,0,0,0,0,0,0,0
LOS ANDES,352,664,92,0,343,541,96,240,197,84,2,69,180,56,2,40,87,418,10,149,78,380,9,107,249,136,2,95,180,56,2,40,92,405,9,141,78,380,9,107,2,0,85,4,2,0,84,4,0,0,0,0,0,0,0,0
LOS LAGOS,240,51,0,0,156,39,0,0,168,72,0,0,138,26,0,0,18,33,0,0,12,10,0,0,143,28,0,0,138,26,0,0,13,11,0,0,12,10,0,0,0,0,0,0,0,0,0,0,0,0,0,0,0,0,0,0
LOS MUERMOS,156,121,0,0,162,124,0,0,131,21,0,4,125,16,0,0,22,96,0,3,15,90,0,0,144,28,0,0,125,16,0,0,18,96,0,0,15,90,0,0,0,0,0,0,0,0,0,0,0,0,0,0,0,0,0,0
LOS SAUCES,65,22,0,0,62,0,0,0,52,7,0,6,30,0,0,0,18,1,0,3,9,0,0,0,49,0,0,0,30,0,0,0,13,0,0,0,9,0,0,0,0,0,0,0,0,0,0,0,0,0,0,0,0,0,0,0
LOS VILOS,142,145,0,0,108,150,0,0,83,57,0,2,69,35,0,0,41,104,0,0,33,101,0,0,73,45,0,0,69,35,0,0,35,105,0,0,33,101,0,0,0,0,0,0,0,0,0,0,0,0,0,0,0,0,0,0
LOS ÁNGELES,1455,1489,181,0,1452,1660,186,81,1203,232,0,20,1187,216,0,19,168,1285,8,28,159,1265,8,28,1274,342,1,43,1187,216,0,19,176,1315,10,38,159,1265,8,28,2,3,175,0,1,3,172,0,0,0,0,0,0,0,0,0
LOTA,313,314,0,0,318,218,0,0,248,63,1,1,229,17,0,0,80,234,0,0,70,192,0,0,243,22,0,0,229,17,0,0,75,196,0,0,70,192,0,0,0,0,0,0,0,0,0,0,0,0,0,0,0,0,0,0
LUMACO,113,15,0,0,46,0,0,0,85,20,0,8,42,0,0,0,10,5,0,0,1,0,0,0,45,0,0,0,42,0,0,0,1,0,0,0,1,0,0,0,0,0,0,0,0,0,0,0,0,0,0,0,0,0,0,0
MACHALI,166,400,197,0,88,418,203,0,95,36,1,34,75,19,0,0,28,349,3,20,7,332,2,0,79,31,0,0,75,19,0,0,9,377,13,0,7,332,2,0,0,10,190,0,0,4,187,0,0,0,0,0,0,0,0,0
MACUL,207,723,89,0,135,508,91,0,91,70,0,46,66,11,0,0,89,556,7,71,20,422,2,0,89,44,0,0,66,11,0,0,45,460,9,0,20,422,2,0,1,4,82,0,0,0,80,0,0,0,0,0,0,0,0,0
MAIPÚ,1833,4810,143,51,1143,5556,143,224,1021,731,3,78,931,557,1,60,227,4467,33,83,100,4216,15,53,1008,854,1,91,931,557,1,60,134,4681,16,93,100,4216,15,53,1,20,126,0,1,13,124,0,0,1,0,40,0,1,0,40
MALLOA,95,0,0,0,58,0,0,0,83,4,0,8,35,0,0,0,0,0,0,0,0,0,0,0,52,0,0,0,35,0,0,0,6,0,0,0,0,0,0,0,0,0,0,0,0,0,0,0,0,0,0,0,0,0,0,0
MARCHIHUE,79,0,0,0,24,0,0,0,63,13,0,3,18,0,0,0,0,0,0,0,0,0,0,0,24,0,0,0,18,0,0,0,0,0,0,0,0,0,0,0,0,0,0,0,0,0,0,0,0,0,0,0,0,0,0,0
MARIQUINA,123,223,0,0,73,178,0,0,75,48,0,0,48,12,0,0,41,182,0,0,14,146,0,0,56,20,0,0,48,12,0,0,17,158,0,0,14,146,0,0,0,0,0,0,0,0,0,0,0,0,0,0,0,0,0,0
MARÍA ELENA,84,0,0,0,73,0,0,0,75,8,1,0,72,0,0,0,0,0,0,0,0,0,0,0,73,0,0,0,72,0,0,0,0,0,0,0,0,0,0,0,0,0,0,0,0,0,0,0,0,0,0,0,0,0,0,0
MARÍA PINTO,118,0,0,0,117,0,0,0,81,37,0,0,70,0,0,0,0,0,0,0,0,0,0,0,100,0,0,0,70,0,0,0,17,0,0,0,0,0,0,0,0,0,0,0,0,0,0,0,0,0,0,0,0,0,0,0
MAULE,193,120,0,0,0,147,0,87,107,75,0,11,0,15,0,9,14,104,2,0,0,74,0,0,0,53,0,75,0,15,0,9,0,94,0,12,0,74,0,0,0,0,0,0,0,0,0,0,0,0,0,0,0,0,0,0
MAULLÍN,166,10,0,0,102,2,0,0,124,38,0,4,90,2,0,0,6,4,0,0,6,0,0,0,94,2,0,0,90,2,0,0,8,0,0,0,6,0,0,0,0,0,0,0,0,0,0,0,0,0,0,0,0,0,0,0
MEJILLONES,133,0,0,0,106,0,0,0,114,17,2,0,99,0,0,0,0,0,0,0,0,0,0,0,104,0,0,0,99,0,0,0,2,0,0,0,0,0,0,0,0,0,0,0,0,0,0,0,0,0,0,0,0,0,0,0
MELIPEUCO,18,51,0,0,27,23,0,0,14,4,0,0,14,0,0,0,19,32,0,0,12,21,0,0,14,1,0,0,14,0,0,0,13,22,0,0,12,21,0,0,0,0,0,0,0,0,0,0,0,0,0,0,0,0,0,0
MELIPILLA,705,877,134,0,492,1226,134,0,433,269,1,2,374,256,0,0,74,800,2,1,60,788,2,0,415,397,1,0,374,256,0,0,77,827,3,0,60,788,2,0,0,2,130,0,0,2,129,0,0,0,0,0,0,0,0,0
MOLINA,344,226,0,0,196,196,0,105,160,129,0,55,143,41,0,40,35,176,0,15,25,129,0,13,167,66,0,88,143,41,0,40,29,130,0,17,25,129,0,13,0,0,0,0,0,0,0,0,0,0,0,0,0,0,0,0
MONTE PATRIA,389,44,0,0,210,71,0,0,268,90,0,31,197,35,0,0,6,38,0,0,2,31,0,0,208,38,0,0,197,35,0,0,2,32,0,0,2,31,0,0,0,1,0,0,0,0,0,0,0,0,0,0,0,0,0,0
MOSTAZAL,240,65,0,0,155,1,0,0,140,68,0,32,118,0,0,0,25,33,1,6,19,0,0,0,128,0,0,0,118,0,0,0,27,1,0,0,19,0,0,0,0,0,0,0,0,0,0,0,0,0,0,0,0,0,0,0
MULCHÉN,308,80,0,0,363,0,0,0,288,14,1,5,274,0,0,0,76,4,0,0,75,0,0,0,283,0,0,0,274,0,0,0,80,0,0,0,75,0,0,0,0,0,0,0,0,0,0,0,0,0,0,0,0,0,0,0
MÁFIL,35,45,0,0,26,57,0,0,29,6,0,0,25,1,0,0,2,43,0,0,0,35,0,0,25,14,0,0,25,1,0,0,1,43,0,0,0,35,0,0,0,0,0,0,0,0,0,0,0,0,0,0,0,0,0,0
NACIMIENTO,284,147,0,0,241,181,0,0,234,47,0,3,222,43,0,0,11,134,1,1,8,130,0,0,232,50,0,0,222,43,0,0,9,131,0,0,8,130,0,0,0,0,0,0,0,0,0,0,0,0,0,0,0,0,0,0
NANCAGUA,147,94,0,0,103,44,0,0,98,9,0,40,69,5,0,0,41,36,0,17,25,29,0,0,77,14,0,0,69,5,0,0,26,30,0,0,25,29,0,0,0,0,0,0,0,0,0,0,0,0,0,0,0,0,0,0
NATALES,156,126,0,0,139,146,0,0,132,24,0,0,130,23,0,0,4,122,0,0,3,117,0,0,136,27,0,0,130,23,0,0,3,119,0,0,3,117,0,0,0,0,0,0,0,0,0,0,0,0,0,0,0,0,0,0
NAVIDAD,70,0,0,0,56,0,0,0,57,13,0,0,48,0,0,0,0,0,0,0,0,0,0,0,56,0,0,0,48,0,0,0,0,0,0,0,0,0,0,0,0,0,0,0,0,0,0,0,0,0,0,0,0,0,0,0
NEGRETE,102,1,0,0,46,18,0,0,78,19,0,5,41,2,0,0,1,0,0,0,0,0,0,0,45,10,0,0,41,2,0,0,1,8,0,0,0,0,0,0,0,0,0,0,0,0,0,0,0,0,0,0,0,0,0,0
NINHUE,84,10,0,0,72,0,0,0,79,4,0,1,66,0,0,0,8,1,0,1,3,0,0,0,69,0,0,0,66,0,0,0,3,0,0,0,3,0,0,0,0,0,0,0,0,0,0,0,0,0,0,0,0,0,0,0
NOGALES,120,161,0,0,82,247,0,0,76,26,0,18,71,22,0,0,13,139,1,8,6,127,0,0,73,84,0,0,71,22,0,0,9,163,0,0,6,127,0,0,0,0,0,0,0,0,0,0,0,0,0,0,0,0,0,0
NUEVA IMPERIAL,169,364,0,0,185,282,0,118,108,31,1,29,101,19,0,29,73,231,0,60,59,177,0,55,108,46,0,39,101,19,0,29,77,236,0,79,59,177,0,55,0,0,0,0,0,0,0,0,0,0,0,0,0,0,0,0
O'HIGGINS,7,0,0,0,0,0,0,0,4,1,0,2,0,0,0,0,0,0,0,0,0,0,0,0,0,0,0,0,0,0,0,0,0,0,0,0,0,0,0,0,0,0,0,0,0,0,0,0,0,0,0,0,0,0,0,0
OLIVAR,102,58,0,0,102,109,0,0,76,13,0,13,52,7,0,0,11,45,0,2,3,40,0,0,95,51,0,0,52,7,0,0,7,57,0,0,3,40,0,0,0,1,0,0,0,0,0,0,0,0,0,0,0,0,0,0
OLLAGÜE,1,0,0,0,0,0,0,0,1,0,0,0,0,0,0,0,0,0,0,0,0,0,0,0,0,0,0,0,0,0,0,0,0,0,0,0,0,0,0,0,0,0,0,0,0,0,0,0,0,0,0,0,0,0,0,0
OLMUÉ,104,41,0,0,45,60,0,0,50,52,0,2,37,14,0,0,4,37,0,0,1,32,0,0,40,21,0,0,37,14,0,0,5,39,0,0,1,32,0,0,0,0,0,0,0,0,0,0,0,0,0,0,0,0,0,0
OSORNO,966,1207,200,0,1166,1172,251,0,717,215,14,20,687,185,14,0,335,839,31,2,323,800,29,0,789,272,16,0,687,185,14,0,376,897,37,0,323,800,29,0,1,3,198,0,1,2,196,0,0,0,0,0,0,0,0,0
OVALLE,1043,623,38,0,825,916,35,132,712,241,0,90,674,227,0,90,19,599,2,3,17,591,1,3,783,301,0,127,674,227,0,90,42,613,1,5,17,591,1,3,0,2,34,0,0,2,34,0,0,0,0,0,0,0,0,0
PADRE HURTADO,124,654,0,0,62,731,0,0,38,84,0,2,31,49,0,0,24,618,1,11,5,486,0,0,50,169,0,0,31,49,0,0,12,561,0,0,5,486,0,0,0,1,0,0,0,0,0,0,0,0,0,0,0,0,0,0
PADRE LAS CASAS,142,788,0,0,0,518,0,0,40,88,0,14,0,45,0,0,133,634,0,21,0,335,0,0,0,81,0,0,0,45,0,0,0,437,0,0,0,335,0,0,0,0,0,0,0,0,0,0,0,0,0,0,0,0,0,0
PAIGUANO,52,0,0,0,27,0,0,0,35,16,1,0,16,0,0,0,0,0,0,0,0,0,0,0,27,0,0,0,16,0,0,0,0,0,0,0,0,0,0,0,0,0,0,0,0,0,0,0,0,0,0,0,0,0,0,0
PAILLACO,152,119,0,0,190,124,0,0,121,31,0,0,112,19,0,0,55,62,0,2,46,45,0,0,137,67,0,0,112,19,0,0,53,57,0,0,46,45,0,0,0,0,0,0,0,0,0,0,0,0,0,0,0,0,0,0
PAINE,421,505,26,0,290,544,26,0,279,138,2,2,224,99,0,0,65,436,3,1,47,406,0,0,239,116,0,0,224,99,0,0,51,428,1,0,47,406,0,0,0,0,25,0,0,0,25,0,0,0,0,0,0,0,0,0
PALENA,23,0,0,0,21,0,0,0,21,0,0,2,21,0,0,0,0,0,0,0,0,0,0,0,21,0,0,0,21,0,0,0,0,0,0,0,0,0,0,0,0,0,0,0,0,0,0,0,0,0,0,0,0,0,0,0
PALMILLA,118,0,0,0,58,0,0,0,111,3,0,4,57,0,0,0,0,0,0,0,0,0,0,0,58,0,0,0,57,0,0,0,0,0,0,0,0,0,0,0,0,0,0,0,0,0,0,0,0,0,0,0,0,0,0,0
PANGUIPULLI,308,254,0,0,202,427,0,0,167,141,0,0,153,127,0,0,56,196,0,2,30,156,0,0,162,185,0,0,153,127,0,0,40,242,0,0,30,156,0,0,0,0,0,0,0,0,0,0,0,0,0,0,0,0,0,0
PANQUEHUE,60,0,31,0,35,0,32,0,40,6,0,14,31,0,0,0,0,0,0,0,0,0,0,0,34,0,0,0,31,0,0,0,0,0,0,0,0,0,0,0,1,0,32,0,0,0,31,0,0,0,0,0,0,0,0,0
PAPUDO,36,20,0,0,47,23,0,0,26,10,0,0,15,3,0,0,1,19,0,0,1,17,0,0,38,4,0,0,15,3,0,0,9,19,0,0,1,17,0,0,0,0,0,0,0,0,0,0,0,0,0,0,0,0,0,0
PAREDONES,61,0,0,0,23,0,0,0,50,10,0,1,18,0,0,0,0,0,0,0,0,0,0,0,23,0,0,0,18,0,0,0,0,0,0,0,0,0,0,0,0,0,0,0,0,0,0,0,0,0,0,0,0,0,0,0
PARRAL,284,282,0,0,203,329,0,0,229,48,0,7,183,39,0,0,10,272,0,0,5,267,0,0,192,54,0,0,183,39,0,0,11,275,0,0,5,267,0,0,0,0,0,0,0,0,0,0,0,0,0,0,0,0,0,0
PEDRO AGUIRRE CERDA,334,747,0,0,52,287,0,141,67,114,0,153,26,5,0,67,96,472,3,176,8,270,0,30,41,12,0,102,26,5,0,67,11,275,0,39,8,270,0,30,0,0,0,0,0,0,0,0,0,0,0,0,0,0,0,0
PELARCO,75,14,0,0,25,0,0,0,54,20,0,1,19,0,0,0,8,6,0,0,0,0,0,0,25,0,0,0,19,0,0,0,0,0,0,0,0,0,0,0,0,0,0,0,0,0,0,0,0,0,0,0,0,0,0,0
PELLUHUE,85,0,0,0,82,0,0,0,80,4,0,1,65,0,0,0,0,0,0,0,0,0,0,0,78,0,0,0,65,0,0,0,3,0,0,0,0,0,0,0,1,0,0,0,0,0,0,0,0,0,0,0,0,0,0,0
PEMUCO,95,2,0,0,68,2,0,0,77,9,0,9,64,0,0,0,0,2,0,0,0,2,0,0,65,0,0,0,64,0,0,0,3,2,0,0,0,2,0,0,0,0,0,0,0,0,0,0,0,0,0,0,0,0,0,0
PENCAHUE,100,0,0,0,48,0,0,0,69,29,0,2,23,0,0,0,0,0,0,0,0,0,0,0,47,0,0,0,23,0,0,0,1,0,0,0,0,0,0,0,0,0,0,0,0,0,0,0,0,0,0,0,0,0,0,0
PENCO,326,219,0,0,168,78,0,0,185,40,0,101,136,10,0,0,58,99,4,58,27,54,0,0,140,16,0,0,136,10,0,0,28,62,0,0,27,54,0,0,0,0,0,0,0,0,0,0,0,0,0,0,0,0,0,0
PERALILLO,144,0,0,0,123,0,0,0,116,17,0,11,92,0,0,0,0,0,0,0,0,0,0,0,121,0,0,0,92,0,0,0,2,0,0,0,0,0,0,0,0,0,0,0,0,0,0,0,0,0,0,0,0,0,0,0
PERQUENCO,63,25,0,0,69,16,0,0,60,3,0,0,58,1,0,0,9,15,0,1,1,9,0,0,65,1,0,0,58,1,0,0,4,15,0,0,1,9,0,0,0,0,0,0,0,0,0,0,0,0,0,0,0,0,0,0
PETORCA,86,41,0,0,52,35,0,0,73,13,0,0,49,6,0,0,8,31,0,2,2,29,0,0,49,6,0,0,49,6,0,0,3,29,0,0,2,29,0,0,0,0,0,0,0,0,0,0,0,0,0,0,0,0,0,0
PEUMO,106,72,0,0,91,36,0,0,91,6,0,9,44,0,0,0,32,35,0,5,6,30,0,0,81,3,0,0,44,0,0,0,10,33,0,0,6,30,0,0,0,0,0,0,0,0,0,0,0,0,0,0,0,0,0,0
PEÑAFLOR,460,645,13,0,95,778,9,0,120,335,0,5,62,184,0,0,56,583,2,4,18,436,0,0,75,250,0,0,62,184,0,0,20,527,0,0,18,436,0,0,0,1,9,0,0,0,9,0,0,0,0,0,0,0,0,0
PEÑALOLÉN,708,1222,670,0,480,795,671,0,450,147,1,110,376,51,0,0,176,843,33,170,47,622,6,0,402,98,3,0,376,51,0,0,77,697,21,0,47,622,6,0,1,0,647,0,1,0,622,0,0,0,0,0,0,0,0,0
PICA,64,0,0,0,94,0,0,0,61,3,0,0,55,0,0,0,0,0,0,0,0,0,0,0,79,0,0,0,55,0,0,0,15,0,0,0,0,0,0,0,0,0,0,0,0,0,0,0,0,0,0,0,0,0,0,0
PICHIDEGUA,177,17,0,0,89,0,0,0,153,17,0,7,77,0,0,0,13,4,0,0,4,0,0,0,83,0,0,0,77,0,0,0,6,0,0,0,4,0,0,0,0,0,0,0,0,0,0,0,0,0,0,0,0,0,0,0
PICHILEMU,162,58,0,0,141,73,0,0,138,21,0,3,130,19,0,0,2,56,0,0,1,52,0,0,137,19,0,0,130,19,0,0,4,54,0,0,1,52,0,0,0,0,0,0,0,0,0,0,0,0,0,0,0,0,0,0
PINTO,87,59,0,0,98,57,0,0,84,1,0,2,74,0,0,0,7,49,1,2,6,46,0,0,84,8,0,0,74,0,0,0,14,49,0,0,6,46,0,0,0,0,0,0,0,0,0,0,0,0,0,0,0,0,0,0
PIRQUE,132,0,50,0,72,77,60,0,61,71,0,0,58,16,0,0,0,0,0,0,0,0,0,0,62,38,1,0,58,16,0,0,10,39,5,0,0,0,0,0,0,0,54,0,0,0,48,0,0,0,0,0,0,0,0,0
PITRUFQUÉN,133,242,0,0,100,499,0,0,59,74,0,0,55,64,0,0,29,213,0,0,24,200,0,0,65,187,0,0,55,64,0,0,35,312,0,0,24,200,0,0,0,0,0,0,0,0,0,0,0,0,0,0,0,0,0,0
PLACILLA,89,0,0,0,16,0,0,0,44,10,0,35,16,0,0,0,0,0,0,0,0,0,0,0,16,0,0,0,16,0,0,0,0,0,0,0,0,0,0,0,0,0,0,0,0,0,0,0,0,0,0,0,0,0,0,0
PORTEZUELO,30,25,0,0,24,24,0,0,25,5,0,0,22,3,0,0,5,19,0,1,1,19,0,0,22,5,0,0,22,3,0,0,2,19,0,0,1,19,0,0,0,0,0,0,0,0,0,0,0,0,0,0,0,0,0,0
PORVENIR,48,22,0,0,66,0,0,0,46,2,0,0,41,0,0,0,20,2,0,0,20,0,0,0,44,0,0,0,41,0,0,0,22,0,0,0,20,0,0,0,0,0,0,0,0,0,0,0,0,0,0,0,0,0,0,0
POZO ALMONTE,175,29,0,0,144,0,0,0,154,21,0,0,126,0,0,0,20,9,0,0,4,0,0,0,134,0,0,0,126,0,0,0,10,0,0,0,4,0,0,0,0,0,0,0,0,0,0,0,0,0,0,0,0,0,0,0
PRIMAVERA,5,0,0,0,0,0,0,0,1,4,0,0,0,0,0,0,0,0,0,0,0,0,0,0,0,0,0,0,0,0,0,0,0,0,0,0,0,0,0,0,0,0,0,0,0,0,0,0,0,0,0,0,0,0,0,0
PROVIDENCIA,1045,267,968,0,1500,579,983,0,942,70,24,9,920,20,9,0,5,247,13,2,2,238,5,0,1067,121,20,0,920,20,9,0,412,447,24,0,2,238,5,0,21,11,939,0,2,4,907,0,0,0,0,0,0,0,0,0
PUCHUNCAVÍ,142,21,0,0,131,0,0,0,109,32,0,1,91,0,0,0,8,13,0,0,6,0,0,0,119,0,0,0,91,0,0,0,12,0,0,0,6,0,0,0,0,0,0,0,0,0,0,0,0,0,0,0,0,0,0,0
PUCÓN,178,202,0,0,113,265,0,0,65,113,0,0,57,84,0,0,44,156,2,0,35,129,0,0,64,101,0,0,57,84,0,0,49,160,0,0,35,129,0,0,0,4,0,0,0,0,0,0,0,0,0,0,0,0,0,0
PUDAHUEL,845,1270,73,0,186,1281,67,0,292,366,1,186,132,186,0,0,165,1001,0,104,22,759,0,0,150,331,0,0,132,186,0,0,36,949,1,0,22,759,0,0,0,1,66,0,0,0,66,0,0,0,0,0,0,0,0,0
PUENTE ALTO,1442,5263,210,0,843,5944,212,0,692,736,1,13,635,609,1,0,243,4974,18,28,106,4622,6,0,673,860,1,0,635,609,1,0,170,5079,14,0,106,4622,6,0,0,5,197,0,0,3,193,0,0,0,0,0,0,0,0,0
PUERTO MONTT,1654,1637,184,0,1379,1951,194,0,1148,496,4,6,1110,451,4,0,172,1451,14,0,155,1384,7,0,1197,518,4,0,1110,451,4,0,182,1430,7,0,155,1384,7,0,0,3,183,0,0,2,180,0,0,0,0,0,0,0,0,0
PUERTO OCTAY,75,57,0,0,44,43,0,0,47,19,1,8,30,5,0,0,10,42,1,4,2,35,0,0,39,6,0,0,30,5,0,0,5,37,0,0,2,35,0,0,0,0,0,0,0,0,0,0,0,0,0,0,0,0,0,0
PUERTO VARAS,235,212,156,0,192,322,164,0,174,58,0,3,148,45,0,0,11,198,2,1,7,191,2,0,177,85,1,0,148,45,0,0,15,237,4,0,7,191,2,0,0,0,159,0,0,0,154,0,0,0,0,0,0,0,0,0
PUMANQUE,32,0,0,0,0,0,0,0,26,5,0,1,0,0,0,0,0,0,0,0,0,0,0,0,0,0,0,0,0,0,0,0,0,0,0,0,0,0,0,0,0,0,0,0,0,0,0,0,0,0,0,0,0,0,0,0
PUNITAQUI,105,61,0,0,78,38,0,0,84,16,0,5,60,1,0,0,15,44,0,2,5,36,0,0,73,2,0,0,60,1,0,0,5,36,0,0,5,36,0,0,0,0,0,0,0,0,0,0,0,0,0,0,0,0,0,0
PUNTA ARENAS,998,585,158,0,823,730,193,0,778,207,12,1,767,191,10,0,27,521,37,0,23,511,35,0,789,202,10,0,767,191,10,0,33,520,38,0,23,511,35,0,1,8,145,0,1,6,142,0,0,0,0,0,0,0,0,0
PUQUELDÓN,53,14,0,0,0,0,0,0,29,24,0,0,0,0,0,0,7,7,0,0,0,0,0,0,0,0,0,0,0,0,0,0,0,0,0,0,0,0,0,0,0,0,0,0,0,0,0,0,0,0,0,0,0,0,0,0
PURRANQUE,131,178,0,0,125,120,0,0,108,20,0,3,96,7,0,0,12,158,1,7,5,110,0,0,117,7,0,0,96,7,0,0,8,113,0,0,5,110,0,0,0,0,0,0,0,0,0,0,0,0,0,0,0,0,0,0
PURÉN,157,0,0,0,147,0,0,0,146,4,0,7,126,0,0,0,0,0,0,0,0,0,0,0,133,0,0,0,126,0,0,0,13,0,0,0,0,0,0,0,1,0,0,0,0,0,0,0,0,0,0,0,0,0,0,0
PUTAENDO,107,83,0,0,58,25,0,0,59,20,0,28,52,3,0,0,2,54,1,26,0,18,0,0,56,5,0,0,52,3,0,0,2,20,0,0,0,18,0,0,0,0,0,0,0,0,0,0,0,0,0,0,0,0,0,0
PUTRE,16,0,0,0,8,0,0,0,13,3,0,0,6,0,0,0,0,0,0,0,0,0,0,0,7,0,0,0,6,0,0,0,1,0,0,0,0,0,0,0,0,0,0,0,0,0,0,0,0,0,0,0,0,0,0,0
PUYEHUE,160,0,0,0,54,97,0,0,89,67,1,3,46,35,0,0,0,0,0,0,0,0,0,0,51,65,0,0,46,35,0,0,3,32,0,0,0,0,0,0,0,0,0,0,0,0,0,0,0,0,0,0,0,0,0,0
QUEILÉN,51,25,0,0,49,0,0,0,37,14,0,0,28,0,0,0,16,9,0,0,13,0,0,0,34,0,0,0,28,0,0,0,15,0,0,0,13,0,0,0,0,0,0,0,0,0,0,0,0,0,0,0,0,0,0,0
QUELLÓN,244,160,0,0,286,97,0,0,202,42,0,0,195,21,0,0,80,80,0,0,79,74,0,0,200,21,0,0,195,21,0,0,86,76,0,0,79,74,0,0,0,0,0,0,0,0,0,0,0,0,0,0,0,0,0,0
QUEMCHI,83,40,0,0,44,0,0,0,57,26,0,0,34,0,0,0,15,25,0,0,8,0,0,0,35,0,0,0,34,0,0,0,9,0,0,0,8,0,0,0,0,0,0,0,0,0,0,0,0,0,0,0,0,0,0,0
QUILACO,26,0,0,0,20,0,0,0,26,0,0,0,17,0,0,0,0,0,0,0,0,0,0,0,19,0,0,0,17,0,0,0,1,0,0,0,0,0,0,0,0,0,0,0,0,0,0,0,0,0,0,0,0,0,0,0
QUILICURA,463,2167,98,0,233,2155,149,0,214,231,2,16,183,186,0,0,126,1952,59,30,34,1817,51,0,190,244,2,0,183,186,0,0,43,1906,55,0,34,1817,51,0,0,5,92,0,0,3,89,0,0,0,0,0,0,0,0,0
QUILLECO,78,17,0,0,61,12,0,0,64,11,0,3,53,1,0,0,4,10,0,3,3,9,0,0,56,3,0,0,53,1,0,0,5,9,0,0,3,9,0,0,0,0,0,0,0,0,0,0,0,0,0,0,0,0,0,0
QUILLOTA,383,698,231,0,374,853,235,0,275,98,0,10,266,71,0,0,32,659,2,5,21,643,2,0,317,105,0,0,266,71,0,0,57,741,10,0,21,643,2,0,0,7,225,0,0,5,223,0,0,0,0,0,0,0,0,0
QUILLÓN,174,17,0,0,72,34,0,0,93,78,0,3,69,17,0,0,0,16,0,1,0,14,0,0,70,18,0,0,69,17,0,0,2,16,0,0,0,14,0,0,0,0,0,0,0,0,0,0,0,0,0,0,0,0,0,0
QUILPUÉ,492,1551,45,0,586,1531,61,0,332,133,0,27,298,98,0,0,147,1356,25,23,117,1227,15,0,429,169,2,0,298,98,0,0,156,1354,19,0,117,1227,15,0,1,8,40,0,0,4,39,0,0,0,0,0,0,0,0,0
QUINCHAO,98,30,0,0,124,46,0,0,74,24,0,0,72,14,0,0,4,26,0,0,4,24,0,0,113,18,0,0,72,14,0,0,11,28,0,0,4,24,0,0,0,0,0,0,0,0,0,0,0,0,0,0,0,0,0,0
QUINTA DE TILCOCO,106,41,0,0,67,73,0,0,70,34,0,2,48,18,0,0,0,41,0,0,0,40,0,0,66,30,0,0,48,18,0,0,1,43,0,0,0,40,0,0,0,0,0,0,0,0,0,0,0,0,0,0,0,0,0,0
QUINTA NORMAL,611,882,0,0,362,844,0,353,263,163,1,184,135,54,0,82,103,676,5,98,13,493,0,29,262,194,0,213,135,54,0,82,100,648,0,139,13,493,0,29,0,1,0,1,0,0,0,0,0,1,0,0,0,0,0,0
QUINTERO,127,246,0,0,60,327,0,0,71,50,1,5,54,44,0,0,10,234,2,0,2,227,0,0,57,76,0,0,54,44,0,0,3,250,0,0,2,227,0,0,0,1,0,0,0,0,0,0,0,0,0,0,0,0,0,0
QUIRIHUE,97,37,0,0,95,36,0,0,93,4,0,0,80,1,0,0,2,35,0,0,1,34,0,0,91,2,0,0,80,1,0,0,4,34,0,0,1,34,0,0,0,0,0,0,0,0,0,0,0,0,0,0,0,0,0,0
RANCAGUA,1592,1556,399,0,1510,1308,403,858,963,278,2,349,936,219,2,346,282,992,25,257,264,904,15,254,1167,319,3,547,936,219,2,346,338,983,23,309,264,904,15,254,5,6,377,2,4,6,376,2,0,0,0,0,0,0,0,0
RAUCO,113,0,0,0,23,0,0,0,36,58,0,19,18,0,0,0,0,0,0,0,0,0,0,0,22,0,0,0,18,0,0,0,1,0,0,0,0,0,0,0,0,0,0,0,0,0,0,0,0,0,0,0,0,0,0,0
RECOLETA,530,1299,84,0,389,931,86,803,196,138,3,193,146,43,0,188,144,966,4,185,41,789,0,176,277,79,0,424,146,43,0,188,112,850,4,379,41,789,0,176,0,2,82,0,0,0,80,0,0,0,0,0,0,0,0,0
RENAICO,80,51,0,0,102,0,0,0,74,2,0,4,62,0,0,0,42,6,0,3,12,0,0,0,73,0,0,0,62,0,0,0,29,0,0,0,12,0,0,0,0,0,0,0,0,0,0,0,0,0,0,0,0,0,0,0
RENCA,664,949,0,0,320,992,0,187,260,286,1,117,198,193,0,85,160,669,2,118,72,545,0,77,217,263,0,98,198,193,0,85,103,728,0,89,72,545,0,77,0,0,0,0,0,0,0,0,0,1,0,0,0,0,0,0
RENGO,666,161,0,0,573,179,0,0,558,75,0,33,505,41,0,0,24,131,2,4,21,126,0,0,546,48,0,0,505,41,0,0,27,131,0,0,21,126,0,0,0,0,0,0,0,0,0,0,0,0,0,0,0,0,0,0
REQUINOA,213,151,0,0,70,159,0,0,137,53,0,23,67,6,0,0,1,150,0,0,0,148,0,0,70,7,0,0,67,6,0,0,0,152,0,0,0,148,0,0,0,0,0,0,0,0,0,0,0,0,0,0,0,0,0,0
RETIRO,186,60,0,0,251,46,0,0,162,23,0,1,154,7,0,0,22,38,0,0,22,31,0,0,221,15,0,0,154,7,0,0,30,31,0,0,22,31,0,0,0,0,0,0,0,0,0,0,0,0,0,0,0,0,0,0
RINCONADA,65,40,0,0,1,29,0,0,15,18,0,32,0,5,0,0,2,23,0,15,0,20,0,0,1,8,0,0,0,5,0,0,0,21,0,0,0,20,0,0,0,0,0,0,0,0,0,0,0,0,0,0,0,0,0,0
RIO BUENO,246,174,0,0,200,117,0,0,188,56,0,2,163,12,0,0,36,138,0,0,22,102,0,0,172,13,0,0,163,12,0,0,28,104,0,0,22,102,0,0,0,0,0,0,0,0,0,0,0,0,0,0,0,0,0,0
ROMERAL,138,53,0,0,85,49,0,0,84,46,0,8,77,7,0,0,3,46,0,4,2,34,0,0,81,13,0,0,77,7,0,0,4,36,0,0,2,34,0,0,0,0,0,0,0,0,0,0,0,0,0,0,0,0,0,0
RÁNQUIL,78,0,0,0,68,0,0,0,71,3,0,4,65,0,0,0,0,0,0,0,0,0,0,0,66,0,0,0,65,0,0,0,2,0,0,0,0,0,0,0,0,0,0,0,0,0,0,0,0,0,0,0,0,0,0,0
RÍO CLARO,130,0,0,0,53,0,0,0,80,43,0,7,48,0,0,0,0,0,0,0,0,0,0,0,53,0,0,0,48,0,0,0,0,0,0,0,0,0,0,0,0,0,0,0,0,0,0,0,0,0,0,0,0,0,0,0
RÍO HURTADO,54,0,0,0,32,0,0,0,44,10,0,0,31,0,0,0,0,0,0,0,0,0,0,0,32,0,0,0,31,0,0,0,0,0,0,0,0,0,0,0,0,0,0,0,0,0,0,0,0,0,0,0,0,0,0,0
RÍO IBÁÑEZ,30,0,0,0,9,0,0,0,22,7,0,1,9,0,0,0,0,0,0,0,0,0,0,0,9,0,0,0,9,0,0,0,0,0,0,0,0,0,0,0,0,0,0,0,0,0,0,0,0,0,0,0,0,0,0,0
RÍO NEGRO,106,34,0,0,58,39,0,124,69,19,0,18,53,3,0,18,0,34,0,0,0,32,0,0,56,5,0,97,53,3,0,18,2,34,0,27,0,32,0,0,0,0,0,0,0,0,0,0,0,0,0,0,0,0,0,0
SAAVEDRA,63,81,0,0,46,35,0,0,34,27,0,2,26,2,0,0,29,49,0,3,12,16,0,0,28,6,0,0,26,2,0,0,18,29,0,0,12,16,0,0,0,0,0,0,0,0,0,0,0,0,0,0,0,0,0,0
SAGRADA FAMILIA,214,0,0,0,66,0,0,0,76,96,0,42,53,0,0,0,0,0,0,0,0,0,0,0,64,0,0,0,53,0,0,0,2,0,0,0,0,0,0,0,0,0,0,0,0,0,0,0,0,0,0,0,0,0,0,0
SALAMANCA,195,220,0,0,71,303,0,0,100,95,0,0,64,88,0,0,11,209,0,0,5,204,0,0,66,92,0,0,64,88,0,0,5,210,0,0,5,204,0,0,0,1,0,0,0,0,0,0,0,0,0,0,0,0,0,0
SAN ANTONIO,425,781,0,0,378,930,0,0,296,129,0,0,272,112,0,0,81,699,1,0,68,680,0,0,298,208,0,0,272,112,0,0,80,722,0,0,68,680,0,0,0,0,0,0,0,0,0,0,0,0,0,0,0,0,0,0
SAN BERNARDO,1505,2402,92,0,764,2327,151,364,658,581,1,265,573,336,1,240,189,2057,54,102,91,1760,51,69,632,391,2,259,573,336,1,240,132,1936,59,105,91,1760,51,69,0,0,90,0,0,0,88,0,0,0,0,0,0,0,0,0
SAN CARLOS,384,333,0,0,280,492,0,0,251,126,0,7,233,116,0,0,7,325,0,1,7,321,0,0,271,162,0,0,233,116,0,0,9,329,0,0,7,321,0,0,0,1,0,0,0,0,0,0,0,0,0,0,0,0,0,0
SAN CLEMENTE,491,80,0,0,136,44,0,0,253,219,0,19,120,5,0,0,12,67,0,1,4,39,0,0,128,5,0,0,120,5,0,0,8,39,0,0,4,39,0,0,0,0,0,0,0,0,0,0,0,0,0,0,0,0,0,0
SAN ESTEBAN,110,0,0,0,35,0,0,0,46,38,0,26,29,0,0,0,0,0,0,0,0,0,0,0,33,0,0,0,29,0,0,0,2,0,0,0,0,0,0,0,0,0,0,0,0,0,0,0,0,0,0,0,0,0,0,0
SAN FABIÁN,56,0,0,0,53,0,0,0,49,6,0,1,46,0,0,0,0,0,0,0,0,0,0,0,50,0,0,0,46,0,0,0,3,0,0,0,0,0,0,0,0,0,0,0,0,0,0,0,0,0,0,0,0,0,0,0
SAN FELIPE,499,563,79,0,205,719,80,479,201,119,2,177,178,82,1,170,17,484,1,61,9,468,0,59,195,160,1,304,178,82,1,170,10,556,4,175,9,468,0,59,0,3,75,0,0,2,74,0,0,0,0,0,0,0,0,0
SAN FERNANDO,490,527,110,0,392,487,111,563,237,64,1,188,219,51,1,187,53,417,1,56,51,406,1,56,321,63,1,442,219,51,1,187,70,423,1,121,51,406,1,56,1,1,109,0,1,1,108,0,0,0,0,0,0,0,0,0
SAN GREGORIO,2,0,0,0,0,0,0,0,0,2,0,0,0,0,0,0,0,0,0,0,0,0,0,0,0,0,0,0,0,0,0,0,0,0,0,0,0,0,0,0,0,0,0,0,0,0,0,0,0,0,0,0,0,0,0,0
SAN IGNACIO,137,39,0,0,108,49,0,0,109,20,0,8,99,11,0,0,2,36,0,1,0,35,0,0,106,14,0,0,99,11,0,0,2,35,0,0,0,35,0,0,0,0,0,0,0,0,0,0,0,0,0,0,0,0,0,0
SAN JAVIER,312,353,0,0,285,427,0,0,214,89,0,9,195,67,0,0,26,326,0,1,12,320,0,0,267,103,0,0,195,67,0,0,18,324,0,0,12,320,0,0,0,0,0,0,0,0,0,0,0,0,0,0,0,0,0,0
SAN JOAQUÍN,275,414,0,0,45,195,0,274,92,103,0,80,28,17,0,35,49,298,3,64,7,157,0,23,32,24,0,137,28,17,0,35,13,170,0,137,7,157,0,23,0,1,0,0,0,0,0,0,0,0,0,0,0,0,0,0
SAN JOSÉ DE MAIPO,109,67,0,0,97,65,0,0,90,19,0,0,88,5,0,0,9,57,1,0,6,51,0,0,90,6,0,0,88,5,0,0,7,58,0,0,6,51,0,0,0,1,0,0,0,0,0,0,0,0,0,0,0,0,0,0
SAN JUAN DE LA COSTA,40,81,0,0,16,20,0,0,18,22,0,0,8,1,0,0,25,53,2,1,6,17,0,0,9,1,0,0,8,1,0,0,7,19,0,0,6,17,0,0,0,0,0,0,0,0,0,0,0,0,0,0,0,0,0,0
SAN MIGUEL,289,1081,31,0,189,1574,102,547,131,113,1,44,97,74,0,24,100,842,80,59,25,732,67,30,128,371,0,224,97,74,0,24,60,1201,76,323,25,732,67,30,1,2,26,0,0,1,26,0,0,0,0,0,0,0,0,0
SAN NICOLÁS,197,0,0,0,284,0,0,0,187,4,0,6,187,0,0,0,0,0,0,0,0,0,0,0,247,0,0,0,187,0,0,0,37,0,0,0,0,0,0,0,0,0,0,0,0,0,0,0,0,0,0,0,0,0,0,0
SAN PABLO,59,73,0,0,80,29,0,0,46,13,0,0,29,0,0,0,21,48,3,1,5,19,0,0,62,4,0,0,29,0,0,0,18,25,0,0,5,19,0,0,0,0,0,0,0,0,0,0,0,0,0,0,0,0,0,0
SAN PEDRO,114,0,0,0,83,0,0,0,73,39,1,1,67,0,0,0,0,0,0,0,0,0,0,0,80,0,0,0,67,0,0,0,3,0,0,0,0,0,0,0,0,0,0,0,0,0,0,0,0,0,0,0,0,0,0,0
SAN PEDRO DE ATACAMA,90,0,0,0,80,0,0,0,86,4,0,0,71,0,0,0,0,0,0,0,0,0,0,0,77,0,0,0,71,0,0,0,3,0,0,0,0,0,0,0,0,0,0,0,0,0,0,0,0,0,0,0,0,0,0,0
SAN PEDRO DE LA PAZ,399,1039,265,0,95,964,268,0,119,117,1,162,66,71,0,0,71,836,8,124,12,746,1,0,77,111,1,0,66,71,0,0,18,851,3,0,12,746,1,0,0,2,264,0,0,0,261,0,0,0,0,0,0,0,0,0
SAN RAFAEL,97,17,0,0,0,0,0,0,55,39,0,3,0,0,0,0,4,13,0,0,0,0,0,0,0,0,0,0,0,0,0,0,0,0,0,0,0,0,0,0,0,0,0,0,0,0,0,0,0,0,0,0,0,0,0,0
SAN RAMÓN,322,779,0,0,186,514,0,71,115,177,0,30,87,27,0,7,94,614,4,67,17,368,0,6,136,84,0,27,87,27,0,7,50,430,0,44,17,368,0,6,0,0,0,0,0,0,0,0,0,0,0,0,0,0,0,0
SAN ROSENDO,17,0,0,0,16,0,0,0,17,0,0,0,14,0,0,0,0,0,0,0,0,0,0,0,15,0,0,0,14,0,0,0,1,0,0,0,0,0,0,0,0,0,0,0,0,0,0,0,0,0,0,0,0,0,0,0
SAN VICENTE,403,295,0,0,454,342,0,0,321,50,0,32,295,33,0,0,10,274,4,7,9,266,0,0,410,62,0,0,295,33,0,0,44,280,0,0,9,266,0,0,0,0,0,0,0,0,0,0,0,0,0,0,0,0,0,0
SANTA BÁRBARA,104,81,0,0,85,69,0,0,70,28,0,6,61,17,0,0,23,55,0,3,12,49,0,0,70,20,0,0,61,17,0,0,15,49,0,0,12,49,0,0,0,0,0,0,0,0,0,0,0,0,0,0,0,0,0,0
SANTA CRUZ,292,367,14,0,506,373,18,0,253,17,2,20,237,12,1,0,56,303,2,6,49,292,2,0,433,67,2,0,237,12,1,0,73,304,3,0,49,292,2,0,0,2,13,0,0,1,13,0,0,0,0,0,0,0,0,0
SANTA JUANA,67,116,0,0,103,52,0,0,55,8,0,4,50,5,0,0,53,59,2,2,50,45,0,0,52,5,0,0,50,5,0,0,51,47,0,0,50,45,0,0,0,0,0,0,0,0,0,0,0,0,0,0,0,0,0,0
SANTA MARÍA,58,101,0,0,21,91,0,0,27,13,0,18,18,3,0,0,3,77,0,21,1,67,0,0,20,20,0,0,18,3,0,0,1,71,0,0,1,67,0,0,0,0,0,0,0,0,0,0,0,0,0,0,0,0,0,0
SANTIAGO,2708,2001,629,0,3635,3457,699,1093,2120,395,15,178,2008,202,9,104,127,1789,26,59,52,1666,13,28,2683,714,26,666,2008,202,9,104,940,2728,56,427,52,1666,13,28,10,14,617,0,0,5,608,0,2,1,0,0,0,0,0,0
SANTO DOMINGO,83,90,0,0,78,93,0,0,66,15,1,1,61,2,0,0,3,84,3,0,1,80,0,0,66,3,0,0,61,2,0,0,12,88,0,0,1,80,0,0,0,2,0,0,0,0,0,0,0,0,0,0,0,0,0,0
SIERRA GORDA,13,0,0,0,0,0,0,0,9,3,1,0,0,0,0,0,0,0,0,0,0,0,0,0,0,0,0,0,0,0,0,0,0,0,0,0,0,0,0,0,0,0,0,0,0,0,0,0,0,0,0,0,0,0,0,0
TALAGANTE,492,608,181,0,433,1294,182,0,280,210,1,1,251,183,1,0,43,560,4,1,34,527,1,0,344,453,1,0,251,183,1,0,89,837,5,0,34,527,1,0,0,4,176,0,0,2,172,0,0,0,0,0,0,0,0,0
TALCA,1694,1414,252,0,1951,2012,261,0,1200,473,2,19,1180,444,2,0,292,1101,13,8,286,1072,9,0,1596,830,2,0,1180,444,2,0,353,1175,11,0,286,1072,9,0,2,7,248,0,1,2,242,0,0,0,0,0,0,0,0,0
TALCAHUANO,977,747,82,0,739,913,84,0,664,216,4,93,633,158,1,0,54,673,6,14,47,650,2,0,675,174,4,0,633,158,1,0,64,734,5,0,47,650,2,0,0,5,75,0,0,2,72,0,0,0,0,0,0,0,0,0
TALTAL,182,0,0,0,179,0,0,0,178,4,0,0,176,0,0,0,0,0,0,0,0,0,0,0,177,0,0,0,176,0,0,0,2,0,0,0,0,0,0,0,0,0,0,0,0,0,0,0,0,0,0,0,0,0,0,0
TEMUCO,1142,2542,282,0,1036,3470,297,152,530,569,2,41,513,528,2,40,188,2282,17,55,167,2207,14,55,629,721,3,65,513,528,2,40,407,2741,20,87,167,2207,14,55,0,8,274,0,0,6,270,0,0,0,0,0,0,0,0,0
TENO,241,130,0,0,123,249,0,0,108,106,1,26,102,54,0,0,10,120,0,0,9,116,0,0,112,119,0,0,102,54,0,0,11,130,0,0,9,116,0,0,0,0,0,0,0,0,0,0,0,0,0,0,0,0,0,0
TEODORO SCHMIDT,51,114,0,0,43,21,0,0,41,10,0,0,20,2,0,0,45,68,0,1,20,15,0,0,23,2,0,0,20,2,0,0,20,19,0,0,20,15,0,0,0,0,0,0,0,0,0,0,0,0,0,0,0,0,0,0
TIERRA AMARILLA,178,3,0,0,189,0,0,0,152,26,0,0,125,0,0,0,3,0,0,0,1,0,0,0,184,0,0,0,125,0,0,0,5,0,0,0,1,0,0,0,0,0,0,0,0,0,0,0,0,0,0,0,0,0,0,0
TILTIL,157,73,0,0,148,28,0,0,139,12,0,6,111,0,0,0,32,37,1,3,29,25,0,0,116,0,0,0,111,0,0,0,32,28,0,0,29,25,0,0,0,0,0,0,0,0,0,0,0,0,0,0,0,0,0,0
TIMAUKEL,1,0,0,0,0,0,0,0,1,0,0,0,0,0,0,0,0,0,0,0,0,0,0,0,0,0,0,0,0,0,0,0,0,0,0,0,0,0,0,0,0,0,0,0,0,0,0,0,0,0,0,0,0,0,0,0
TIRÚA,125,63,0,0,47,0,0,0,80,44,0,1,26,0,0,0,30,33,0,0,13,0,0,0,31,0,0,0,26,0,0,0,16,0,0,0,13,0,0,0,0,0,0,0,0,0,0,0,0,0,0,0,0,0,0,0
TOCOPILLA,282,83,0,0,247,112,0,0,242,39,1,0,237,29,0,0,2,80,1,0,2,80,0,0,244,31,0,0,237,29,0,0,3,81,0,0,2,80,0,0,0,0,0,0,0,0,0,0,0,0,0,0,0,0,0,0
TOLTÉN,92,73,0,0,89,0,0,0,57,35,0,0,39,0,0,0,40,33,0,0,31,0,0,0,44,0,0,0,39,0,0,0,45,0,0,0,31,0,0,0,0,0,0,0,0,0,0,0,0,0,0,0,0,0,0,0
TOMÉ,606,128,0,0,547,0,0,205,464,27,2,113,450,0,0,110,70,35,8,15,68,0,0,15,466,0,0,160,450,0,0,110,81,0,0,45,68,0,0,15,0,0,0,0,0,0,0,0,0,0,0,0,0,0,0,0
TORRES DEL PAINE,6,0,0,0,0,0,0,0,4,1,0,1,0,0,0,0,0,0,0,0,0,0,0,0,0,0,0,0,0,0,0,0,0,0,0,0,0,0,0,0,0,0,0,0,0,0,0,0,0,0,0,0,0,0,0,0
TORTEL,10,0,0,0,0,0,0,0,9,0,1,0,0,0,0,0,0,0,0,0,0,0,0,0,0,0,0,0,0,0,0,0,0,0,0,0,0,0,0,0,0,0,0,0,0,0,0,0,0,0,0,0,0,0,0,0
TRAIGUËN,176,83,0,0,163,148,0,0,156,20,0,0,135,17,0,0,11,72,0,0,4,66,0,0,153,63,0,0,135,17,0,0,10,85,0,0,4,66,0,0,0,0,0,0,0,0,0,0,0,0,0,0,0,0,0,0
TREGUACO,47,0,0,0,67,0,0,0,47,0,0,0,41,0,0,0,0,0,0,0,0,0,0,0,64,0,0,0,41,0,0,0,3,0,0,0,0,0,0,0,0,0,0,0,0,0,0,0,0,0,0,0,0,0,0,0
TUCAPEL,128,41,0,0,73,43,0,0,78,47,0,3,71,6,0,0,2,39,0,0,0,36,0,0,72,6,0,0,71,6,0,0,1,37,0,0,0,36,0,0,0,0,0,0,0,0,0,0,0,0,0,0,0,0,0,0
VALDIVIA,942,1027,138,0,1070,990,138,0,833,109,0,0,814,88,0,0,161,859,7,0,148,842,2,0,880,114,0,0,814,88,0,0,190,873,3,0,148,842,2,0,0,3,135,0,0,1,134,0,0,0,0,0,0,0,0,0
VALLENAR,600,154,23,0,571,218,21,0,531,69,0,0,508,56,0,0,21,133,0,0,18,131,0,0,547,76,0,0,508,56,0,0,24,140,0,0,18,131,0,0,0,2,21,0,0,2,21,0,0,0,0,0,0,0,0,0
VALPARAÍSO,1282,2002,223,0,1588,1822,217,339,1032,190,3,57,1001,164,1,51,403,1535,19,45,374,1452,14,43,1153,253,3,198,1001,164,1,51,431,1551,21,141,374,1452,14,43,4,18,192,0,4,15,189,0,0,0,1,0,0,0,0,0
VICHUQUÉN,44,0,0,0,33,0,0,0,40,4,0,0,32,0,0,0,0,0,0,0,0,0,0,0,33,0,0,0,32,0,0,0,0,0,0,0,0,0,0,0,0,0,0,0,0,0,0,0,0,0,0,0,0,0,0,0
VICTORIA,261,210,0,0,342,248,0,0,225,35,0,1,214,23,0,0,14,195,1,0,13,193,0,0,276,38,0,0,214,23,0,0,66,210,0,0,13,193,0,0,0,0,0,0,0,0,0,0,0,0,0,0,0,0,0,0
VICUÑA,230,144,0,0,121,202,0,0,126,104,0,0,92,62,0,0,9,135,0,0,9,125,0,0,107,77,0,0,92,62,0,0,14,125,0,0,9,125,0,0,0,0,0,0,0,0,0,0,0,0,0,0,0,0,0,0
VILCÚN,166,240,0,0,141,178,0,0,122,44,0,0,98,22,0,0,73,166,0,1,30,114,0,0,105,32,0,0,98,22,0,0,36,146,0,0,30,114,0,0,0,0,0,0,0,0,0,0,0,0,0,0,0,0,0,0
VILLA ALEGRE,167,0,0,0,43,45,0,0,103,61,0,3,35,24,0,0,0,0,0,0,0,0,0,0,42,43,0,0,35,24,0,0,1,2,0,0,0,0,0,0,0,0,0,0,0,0,0,0,0,0,0,0,0,0,0,0
VILLA ALEMANA,391,1007,182,0,299,1047,204,0,292,88,3,8,218,55,1,0,68,916,13,10,35,844,8,0,247,92,2,0,218,55,1,0,52,948,27,0,35,844,8,0,0,7,175,0,0,7,171,0,0,0,0,0,0,0,0,0
VILLARRICA,262,656,31,0,274,783,38,0,168,93,0,1,161,86,0,0,72,577,7,0,55,551,7,0,180,128,0,0,161,86,0,0,94,652,9,0,55,551,7,0,0,3,29,0,0,2,27,0,0,0,0,0,0,0,0,0
VITACURA,167,102,1079,0,158,102,1094,0,157,4,5,1,154,0,0,0,0,96,6,0,0,95,1,0,154,1,1,0,154,0,0,0,3,96,3,0,0,95,1,0,1,5,1090,0,0,1,1062,0,0,0,0,0,0,0,0,0
VIÑA DEL MAR,1315,1957,862,0,650,2108,901,197,630,457,7,221,468,363,6,125,142,1688,20,107,96,1582,17,42,514,404,13,146,468,363,6,125,132,1689,39,51,96,1582,17,42,4,15,849,0,3,5,822,0,0,0,0,0,0,0,0,0
YERBAS BUENAS,119,4,0,0,58,0,0,103,80,32,0,7,37,0,0,7,3,1,0,0,0,0,0,0,53,0,0,69,37,0,0,7,5,0,0,34,0,0,0,0,0,0,0,0,0,0,0,0,0,0,0,0,0,0,0,0
YUMBEL,147,75,0,0,140,79,0,0,136,10,0,1,119,2,0,0,3,72,0,0,3,72,0,0,130,4,0,0,119,2,0,0,10,75,0,0,3,72,0,0,0,0,0,0,0,0,0,0,0,0,0,0,0,0,0,0
YUNGAY,140,119,0,0,169,81,0,0,119,8,0,13,113,1,0,0,38,79,0,2,37,78,0,0,125,2,0,0,113,1,0,0,44,79,0,0,37,78,0,0,0,0,0,0,0,0,0,0,0,0,0,0,0,0,0,0
ZAPALLAR,65,35,0,0,58,34,0,0,39,26,0,0,31,0,0,0,2,33,0,0,1,32,0,0,47,0,0,0,31,0,0,0,11,34,0,0,1,32,0,0,0,0,0,0,0,0,0,0,0,0,0,0,0,0,0,0
ÑIQUÉN,125,0,0,0,74,0,0,0,88,37,0,0,69,0,0,0,0,0,0,0,0,0,0,0,73,0,0,0,69,0,0,0,1,0,0,0,0,0,0,0,0,0,0,0,0,0,0,0,0,0,0,0,0,0,0,0
ÑUÑOA,783,709,773,0,938,1151,866,820,521,122,14,126,483,64,8,124,86,506,72,45,44,428,51,42,648,345,21,420,483,64,8,124,283,793,85,399,44,428,51,42,7,13,760,1,2,5,716,1,0,0,0,0,0,0,0,0
